# line-id; line-code; direction; stop-order; stop-id; frequency; arrival_time; departure_time; line-repetition
3; 3H; >; 1; 53; 1; 1006; 1006; 1
3; 3H; >; 2; 48; 1; 1039; 1059; 1
3; 3H; >; 3; 50; 1; 1103; 1123; 1
3; 3H; >; 4; 52; 1; 1159; 1179; 1
3; 3H; >; 5; 51; 1; 1225; 1225; 1
3; 3R; <; 1; 51; 1; 0; 0; 1
3; 3R; <; 2; 52; 1; 46; 66; 1
3; 3R; <; 3; 50; 1; 102; 122; 1
3; 3R; <; 4; 48; 1; 166; 186; 1
3; 3R; <; 5; 53; 1; 219; 219; 1
5; 5H; >; 1; 54; 1; 3035; 3035; 1
5; 5H; >; 2; 92; 1; 3063; 3083; 1
5; 5H; >; 3; 88; 1; 3107; 3127; 1
5; 5H; >; 4; 45; 1; 3406; 3406; 1
5; 5R; <; 1; 45; 1; 1801; 1801; 1
5; 5R; <; 2; 88; 1; 2080; 2100; 1
5; 5R; <; 3; 92; 1; 2124; 2144; 1
5; 5R; <; 4; 54; 1; 2172; 2172; 1
7; 7H; >; 1; 49; 1; 1099; 1099; 1
7; 7H; >; 2; 53; 1; 1142; 1162; 1
7; 7H; >; 3; 88; 1; 1180; 1200; 1
7; 7H; >; 4; 46; 1; 1389; 1389; 1
7; 7R; <; 1; 46; 1; 599; 599; 1
7; 7R; <; 2; 88; 1; 788; 808; 1
7; 7R; <; 3; 53; 1; 826; 846; 1
7; 7R; <; 4; 49; 1; 889; 889; 1
12; 12H; >; 1; 85; 1; 55; 55; 1
12; 12H; >; 2; 86; 1; 95; 115; 1
12; 12H; >; 3; 6; 1; 120; 120; 1
12; 12R; <; 1; 6; 1; 0; 0; 1
12; 12R; <; 2; 86; 1; 5; 25; 1
12; 12R; <; 3; 85; 1; 65; 65; 1
14; 14H; >; 1; 69; 2; 2100; 2100; 1
14; 14H; >; 2; 68; 2; 2107; 2127; 1
14; 14H; >; 3; 67; 2; 2156; 2156; 1
14; 14H; >; 1; 69; 2; 300; 300; 2
14; 14H; >; 2; 68; 2; 307; 327; 2
14; 14H; >; 3; 67; 2; 356; 356; 2
14; 14R; <; 1; 67; 2; 2104; 2104; 1
14; 14R; <; 2; 68; 2; 2133; 2153; 1
14; 14R; <; 3; 69; 2; 2160; 2160; 1
14; 14R; <; 1; 67; 2; 304; 304; 2
14; 14R; <; 2; 68; 2; 333; 353; 2
14; 14R; <; 3; 69; 2; 360; 360; 2
18; 18H; >; 1; 85; 1; 1690; 1690; 1
18; 18H; >; 2; 44; 1; 1751; 1771; 1
18; 18H; >; 3; 29; 1; 1802; 1802; 1
18; 18R; <; 1; 29; 1; 1982; 1982; 1
18; 18R; <; 2; 44; 1; 2013; 2033; 1
18; 18R; <; 3; 85; 1; 2094; 2094; 1
20; 20H; >; 1; 47; 1; 1178; 1178; 1
20; 20H; >; 2; 42; 1; 1238; 1258; 1
20; 20H; >; 3; 46; 1; 1303; 1303; 1
20; 20R; <; 1; 46; 1; 2539; 2539; 1
20; 20R; <; 2; 42; 1; 2584; 2604; 1
20; 20R; <; 3; 47; 1; 2664; 2664; 1
21; 21H; >; 1; 46; 1; 700; 700; 1
21; 21H; >; 2; 34; 1; 880; 900; 1
21; 21H; >; 3; 45; 1; 1006; 1006; 1
21; 21R; <; 1; 45; 1; 2181; 2181; 1
21; 21R; <; 2; 34; 1; 2287; 2307; 1
21; 21R; <; 3; 46; 1; 2487; 2487; 1
25; 25H; >; 1; 81; 14; 3180; 3180; 1
25; 25H; >; 2; 82; 14; 3248; 3248; 1
25; 25H; >; 1; 81; 14; 3437; 3437; 2
25; 25H; >; 2; 82; 14; 3505; 3505; 2
25; 25H; >; 1; 81; 14; 94; 94; 3
25; 25H; >; 2; 82; 14; 162; 162; 3
25; 25H; >; 1; 81; 14; 351; 351; 4
25; 25H; >; 2; 82; 14; 419; 419; 4
25; 25H; >; 1; 81; 14; 608; 608; 5
25; 25H; >; 2; 82; 14; 676; 676; 5
25; 25H; >; 1; 81; 14; 865; 865; 6
25; 25H; >; 2; 82; 14; 933; 933; 6
25; 25H; >; 1; 81; 14; 1122; 1122; 7
25; 25H; >; 2; 82; 14; 1190; 1190; 7
25; 25H; >; 1; 81; 14; 1379; 1379; 8
25; 25H; >; 2; 82; 14; 1447; 1447; 8
25; 25H; >; 1; 81; 14; 1637; 1637; 9
25; 25H; >; 2; 82; 14; 1705; 1705; 9
25; 25H; >; 1; 81; 14; 1894; 1894; 10
25; 25H; >; 2; 82; 14; 1962; 1962; 10
25; 25H; >; 1; 81; 14; 2151; 2151; 11
25; 25H; >; 2; 82; 14; 2219; 2219; 11
25; 25H; >; 1; 81; 14; 2408; 2408; 12
25; 25H; >; 2; 82; 14; 2476; 2476; 12
25; 25H; >; 1; 81; 14; 2665; 2665; 13
25; 25H; >; 2; 82; 14; 2733; 2733; 13
25; 25H; >; 1; 81; 14; 2922; 2922; 14
25; 25H; >; 2; 82; 14; 2990; 2990; 14
25; 25R; <; 1; 82; 14; 1492; 1492; 1
25; 25R; <; 2; 81; 14; 1560; 1560; 1
25; 25R; <; 1; 82; 14; 1749; 1749; 2
25; 25R; <; 2; 81; 14; 1817; 1817; 2
25; 25R; <; 1; 82; 14; 2006; 2006; 3
25; 25R; <; 2; 81; 14; 2074; 2074; 3
25; 25R; <; 1; 82; 14; 2263; 2263; 4
25; 25R; <; 2; 81; 14; 2331; 2331; 4
25; 25R; <; 1; 82; 14; 2520; 2520; 5
25; 25R; <; 2; 81; 14; 2588; 2588; 5
25; 25R; <; 1; 82; 14; 2777; 2777; 6
25; 25R; <; 2; 81; 14; 2845; 2845; 6
25; 25R; <; 1; 82; 14; 3034; 3034; 7
25; 25R; <; 2; 81; 14; 3102; 3102; 7
25; 25R; <; 1; 82; 14; 3291; 3291; 8
25; 25R; <; 2; 81; 14; 3359; 3359; 8
25; 25R; <; 1; 82; 14; 3549; 3549; 9
25; 25R; <; 2; 81; 14; 17; 17; 9
25; 25R; <; 1; 82; 14; 206; 206; 10
25; 25R; <; 2; 81; 14; 274; 274; 10
25; 25R; <; 1; 82; 14; 463; 463; 11
25; 25R; <; 2; 81; 14; 531; 531; 11
25; 25R; <; 1; 82; 14; 720; 720; 12
25; 25R; <; 2; 81; 14; 788; 788; 12
25; 25R; <; 1; 82; 14; 977; 977; 13
25; 25R; <; 2; 81; 14; 1045; 1045; 13
25; 25R; <; 1; 82; 14; 1234; 1234; 14
25; 25R; <; 2; 81; 14; 1302; 1302; 14
38; 38H; >; 1; 51; 1; 1405; 1405; 1
38; 38H; >; 2; 69; 1; 1440; 1440; 1
38; 38R; <; 1; 69; 1; 3385; 3385; 1
38; 38R; <; 2; 51; 1; 3420; 3420; 1
40; 40H; >; 1; 50; 1; 0; 0; 1
40; 40H; >; 2; 52; 1; 36; 36; 1
40; 40R; <; 1; 52; 1; 0; 0; 1
40; 40R; <; 2; 50; 1; 36; 36; 1
48; 48H; >; 1; 46; 2; 101; 101; 1
48; 48H; >; 2; 67; 2; 124; 124; 1
48; 48H; >; 1; 46; 2; 1901; 1901; 2
48; 48H; >; 2; 67; 2; 1924; 1924; 2
48; 48R; <; 1; 67; 2; 2336; 2336; 1
48; 48R; <; 2; 46; 2; 2359; 2359; 1
48; 48R; <; 1; 67; 2; 536; 536; 2
48; 48R; <; 2; 46; 2; 559; 559; 2
49; 49H; >; 1; 46; 1; 635; 635; 1
49; 49H; >; 2; 53; 1; 826; 826; 1
49; 49R; <; 1; 53; 1; 399; 399; 1
49; 49R; <; 2; 46; 1; 590; 590; 1
51; 51H; >; 1; 45; 1; 2181; 2181; 1
51; 51H; >; 2; 88; 1; 2460; 2460; 1
51; 51R; <; 1; 88; 1; 727; 727; 1
51; 51R; <; 2; 45; 1; 1006; 1006; 1
52; 52H; >; 1; 45; 1; 0; 0; 1
52; 52H; >; 2; 53; 1; 282; 282; 1
52; 52R; <; 1; 53; 1; 399; 399; 1
52; 52R; <; 2; 45; 1; 681; 681; 1
53; 53H; >; 1; 45; 1; 0; 0; 1
53; 53H; >; 2; 47; 1; 57; 57; 1
53; 53R; <; 1; 47; 1; 0; 0; 1
53; 53R; <; 2; 45; 1; 57; 57; 1
54; 54H; >; 1; 45; 1; 2181; 2181; 1
54; 54H; >; 2; 46; 1; 2278; 2278; 1
54; 54R; <; 1; 46; 1; 0; 0; 1
54; 54R; <; 2; 45; 1; 97; 97; 1
59; 59H; >; 1; 42; 1; 0; 0; 1
59; 59H; >; 2; 92; 1; 133; 133; 1
59; 59R; <; 1; 92; 1; 2304; 2304; 1
59; 59R; <; 2; 42; 1; 2437; 2437; 1
73; 73H; >; 1; 34; 1; 900; 900; 1
73; 73H; >; 2; 47; 1; 998; 998; 1
73; 73R; <; 1; 47; 1; 0; 0; 1
73; 73R; <; 2; 34; 1; 98; 98; 1
76; 76H; >; 1; 29; 3; 1385; 1385; 1
76; 76H; >; 2; 56; 3; 1399; 1399; 1
76; 76H; >; 1; 29; 3; 2585; 2585; 2
76; 76H; >; 2; 56; 3; 2599; 2599; 2
76; 76H; >; 1; 29; 3; 185; 185; 3
76; 76H; >; 2; 56; 3; 199; 199; 3
76; 76R; <; 1; 56; 3; 1788; 1788; 1
76; 76R; <; 2; 29; 3; 1802; 1802; 1
76; 76R; <; 1; 56; 3; 2988; 2988; 2
76; 76R; <; 2; 29; 3; 3002; 3002; 2
76; 76R; <; 1; 56; 3; 588; 588; 3
76; 76R; <; 2; 29; 3; 602; 602; 3
77; 77H; >; 1; 29; 3; 1982; 1982; 1
77; 77H; >; 2; 45; 3; 2001; 2001; 1
77; 77H; >; 1; 29; 3; 3182; 3182; 2
77; 77H; >; 2; 45; 3; 3201; 3201; 2
77; 77H; >; 1; 29; 3; 782; 782; 3
77; 77H; >; 2; 45; 3; 801; 801; 3
77; 77R; <; 1; 45; 3; 1186; 1186; 1
77; 77R; <; 2; 29; 3; 1205; 1205; 1
77; 77R; <; 1; 45; 3; 2386; 2386; 2
77; 77R; <; 2; 29; 3; 2405; 2405; 2
77; 77R; <; 1; 45; 3; 3586; 3586; 3
77; 77R; <; 2; 29; 3; 5; 5; 3
89; 89H; >; 1; 9; 1; 0; 0; 1
89; 89H; >; 2; 68; 1; 64; 64; 1
89; 89R; <; 1; 68; 1; 0; 0; 1
89; 89R; <; 2; 9; 1; 64; 64; 1
94; 94H; >; 1; 5; 1; 0; 0; 1
94; 94H; >; 2; 85; 1; 54; 54; 1
94; 94R; <; 1; 85; 1; 0; 0; 1
94; 94R; <; 2; 5; 1; 54; 54; 1
98; 98H; >; 1; 87; 4; 540; 540; 1
98; 98H; >; 2; 34; 4; 720; 720; 1
98; 98H; >; 3; 88; 4; 840; 840; 1
98; 98H; >; 4; 32; 4; 960; 960; 1
98; 98H; >; 5; 84; 4; 1080; 1140; 1
98; 98H; >; 6; 70; 4; 1260; 1260; 1
98; 98H; >; 7; 82; 4; 1440; 1500; 1
98; 98H; >; 8; 90; 4; 1620; 1620; 1
98; 98H; >; 9; 64; 4; 1800; 1860; 1
98; 98H; >; 10; 59; 4; 1920; 1920; 1
98; 98H; >; 11; 79; 4; 1980; 1980; 1
98; 98H; >; 12; 58; 4; 2100; 2100; 1
98; 98H; >; 1; 87; 4; 1440; 1440; 2
98; 98H; >; 2; 34; 4; 1620; 1620; 2
98; 98H; >; 3; 88; 4; 1740; 1740; 2
98; 98H; >; 4; 32; 4; 1860; 1860; 2
98; 98H; >; 5; 84; 4; 1980; 2040; 2
98; 98H; >; 6; 70; 4; 2160; 2160; 2
98; 98H; >; 7; 82; 4; 2340; 2400; 2
98; 98H; >; 8; 90; 4; 2520; 2520; 2
98; 98H; >; 9; 64; 4; 2700; 2760; 2
98; 98H; >; 10; 59; 4; 2820; 2820; 2
98; 98H; >; 11; 79; 4; 2880; 2880; 2
98; 98H; >; 12; 58; 4; 3000; 3000; 2
98; 98H; >; 1; 87; 4; 2340; 2340; 3
98; 98H; >; 2; 34; 4; 2520; 2520; 3
98; 98H; >; 3; 88; 4; 2640; 2640; 3
98; 98H; >; 4; 32; 4; 2760; 2760; 3
98; 98H; >; 5; 84; 4; 2880; 2940; 3
98; 98H; >; 6; 70; 4; 3060; 3060; 3
98; 98H; >; 7; 82; 4; 3240; 3300; 3
98; 98H; >; 8; 90; 4; 3420; 3420; 3
98; 98H; >; 9; 64; 4; 0; 60; 3
98; 98H; >; 10; 59; 4; 120; 120; 3
98; 98H; >; 11; 79; 4; 180; 180; 3
98; 98H; >; 12; 58; 4; 300; 300; 3
98; 98H; >; 1; 87; 4; 3240; 3240; 4
98; 98H; >; 2; 34; 4; 3420; 3420; 4
98; 98H; >; 3; 88; 4; 3540; 3540; 4
98; 98H; >; 4; 32; 4; 60; 60; 4
98; 98H; >; 5; 84; 4; 180; 240; 4
98; 98H; >; 6; 70; 4; 360; 360; 4
98; 98H; >; 7; 82; 4; 540; 600; 4
98; 98H; >; 8; 90; 4; 720; 720; 4
98; 98H; >; 9; 64; 4; 900; 960; 4
98; 98H; >; 10; 59; 4; 1020; 1020; 4
98; 98H; >; 11; 79; 4; 1080; 1080; 4
98; 98H; >; 12; 58; 4; 1200; 1200; 4
98; 98R; <; 1; 58; 4; 780; 780; 1
98; 98R; <; 2; 79; 4; 840; 840; 1
98; 98R; <; 3; 59; 4; 960; 960; 1
98; 98R; <; 4; 64; 4; 1020; 1080; 1
98; 98R; <; 5; 90; 4; 1260; 1260; 1
98; 98R; <; 6; 82; 4; 1380; 1380; 1
98; 98R; <; 7; 70; 4; 1500; 1500; 1
98; 98R; <; 8; 84; 4; 1620; 1680; 1
98; 98R; <; 9; 32; 4; 1740; 1740; 1
98; 98R; <; 10; 88; 4; 1920; 1920; 1
98; 98R; <; 11; 34; 4; 2040; 2040; 1
98; 98R; <; 12; 87; 4; 2220; 2220; 1
98; 98R; <; 1; 58; 4; 1680; 1680; 2
98; 98R; <; 2; 79; 4; 1740; 1740; 2
98; 98R; <; 3; 59; 4; 1860; 1860; 2
98; 98R; <; 4; 64; 4; 1920; 1980; 2
98; 98R; <; 5; 90; 4; 2160; 2160; 2
98; 98R; <; 6; 82; 4; 2280; 2280; 2
98; 98R; <; 7; 70; 4; 2400; 2400; 2
98; 98R; <; 8; 84; 4; 2520; 2580; 2
98; 98R; <; 9; 32; 4; 2640; 2640; 2
98; 98R; <; 10; 88; 4; 2820; 2820; 2
98; 98R; <; 11; 34; 4; 2940; 2940; 2
98; 98R; <; 12; 87; 4; 3120; 3120; 2
98; 98R; <; 1; 58; 4; 2580; 2580; 3
98; 98R; <; 2; 79; 4; 2640; 2640; 3
98; 98R; <; 3; 59; 4; 2760; 2760; 3
98; 98R; <; 4; 64; 4; 2820; 2880; 3
98; 98R; <; 5; 90; 4; 3060; 3060; 3
98; 98R; <; 6; 82; 4; 3180; 3180; 3
98; 98R; <; 7; 70; 4; 3300; 3300; 3
98; 98R; <; 8; 84; 4; 3420; 3480; 3
98; 98R; <; 9; 32; 4; 3540; 3540; 3
98; 98R; <; 10; 88; 4; 120; 120; 3
98; 98R; <; 11; 34; 4; 240; 240; 3
98; 98R; <; 12; 87; 4; 420; 420; 3
98; 98R; <; 1; 58; 4; 3480; 3480; 4
98; 98R; <; 2; 79; 4; 3540; 3540; 4
98; 98R; <; 3; 59; 4; 60; 60; 4
98; 98R; <; 4; 64; 4; 120; 180; 4
98; 98R; <; 5; 90; 4; 360; 360; 4
98; 98R; <; 6; 82; 4; 480; 480; 4
98; 98R; <; 7; 70; 4; 600; 600; 4
98; 98R; <; 8; 84; 4; 720; 780; 4
98; 98R; <; 9; 32; 4; 840; 840; 4
98; 98R; <; 10; 88; 4; 1020; 1020; 4
98; 98R; <; 11; 34; 4; 1140; 1140; 4
98; 98R; <; 12; 87; 4; 1320; 1320; 4
99; 99H; >; 1; 87; 4; 540; 540; 1
99; 99H; >; 2; 34; 4; 720; 720; 1
99; 99H; >; 3; 88; 4; 840; 840; 1
99; 99H; >; 4; 32; 4; 960; 960; 1
99; 99H; >; 5; 84; 4; 1080; 1140; 1
99; 99H; >; 6; 70; 4; 1260; 1260; 1
99; 99H; >; 7; 82; 4; 1440; 1500; 1
99; 99H; >; 8; 90; 4; 1620; 1620; 1
99; 99H; >; 9; 64; 4; 1800; 1860; 1
99; 99H; >; 10; 59; 4; 1920; 1920; 1
99; 99H; >; 11; 79; 4; 1980; 1980; 1
99; 99H; >; 12; 58; 4; 2100; 2100; 1
99; 99H; >; 1; 87; 4; 1440; 1440; 2
99; 99H; >; 2; 34; 4; 1620; 1620; 2
99; 99H; >; 3; 88; 4; 1740; 1740; 2
99; 99H; >; 4; 32; 4; 1860; 1860; 2
99; 99H; >; 5; 84; 4; 1980; 2040; 2
99; 99H; >; 6; 70; 4; 2160; 2160; 2
99; 99H; >; 7; 82; 4; 2340; 2400; 2
99; 99H; >; 8; 90; 4; 2520; 2520; 2
99; 99H; >; 9; 64; 4; 2700; 2760; 2
99; 99H; >; 10; 59; 4; 2820; 2820; 2
99; 99H; >; 11; 79; 4; 2880; 2880; 2
99; 99H; >; 12; 58; 4; 3000; 3000; 2
99; 99H; >; 1; 87; 4; 2340; 2340; 3
99; 99H; >; 2; 34; 4; 2520; 2520; 3
99; 99H; >; 3; 88; 4; 2640; 2640; 3
99; 99H; >; 4; 32; 4; 2760; 2760; 3
99; 99H; >; 5; 84; 4; 2880; 2940; 3
99; 99H; >; 6; 70; 4; 3060; 3060; 3
99; 99H; >; 7; 82; 4; 3240; 3300; 3
99; 99H; >; 8; 90; 4; 3420; 3420; 3
99; 99H; >; 9; 64; 4; 0; 60; 3
99; 99H; >; 10; 59; 4; 120; 120; 3
99; 99H; >; 11; 79; 4; 180; 180; 3
99; 99H; >; 12; 58; 4; 300; 300; 3
99; 99H; >; 1; 87; 4; 3240; 3240; 4
99; 99H; >; 2; 34; 4; 3420; 3420; 4
99; 99H; >; 3; 88; 4; 3540; 3540; 4
99; 99H; >; 4; 32; 4; 60; 60; 4
99; 99H; >; 5; 84; 4; 180; 240; 4
99; 99H; >; 6; 70; 4; 360; 360; 4
99; 99H; >; 7; 82; 4; 540; 600; 4
99; 99H; >; 8; 90; 4; 720; 720; 4
99; 99H; >; 9; 64; 4; 900; 960; 4
99; 99H; >; 10; 59; 4; 1020; 1020; 4
99; 99H; >; 11; 79; 4; 1080; 1080; 4
99; 99H; >; 12; 58; 4; 1200; 1200; 4
99; 99R; <; 1; 58; 4; 780; 780; 1
99; 99R; <; 2; 79; 4; 840; 840; 1
99; 99R; <; 3; 59; 4; 960; 960; 1
99; 99R; <; 4; 64; 4; 1020; 1080; 1
99; 99R; <; 5; 90; 4; 1260; 1260; 1
99; 99R; <; 6; 82; 4; 1380; 1380; 1
99; 99R; <; 7; 70; 4; 1500; 1500; 1
99; 99R; <; 8; 84; 4; 1620; 1680; 1
99; 99R; <; 9; 32; 4; 1740; 1740; 1
99; 99R; <; 10; 88; 4; 1920; 1920; 1
99; 99R; <; 11; 34; 4; 2040; 2040; 1
99; 99R; <; 12; 87; 4; 2220; 2220; 1
99; 99R; <; 1; 58; 4; 1680; 1680; 2
99; 99R; <; 2; 79; 4; 1740; 1740; 2
99; 99R; <; 3; 59; 4; 1860; 1860; 2
99; 99R; <; 4; 64; 4; 1920; 1980; 2
99; 99R; <; 5; 90; 4; 2160; 2160; 2
99; 99R; <; 6; 82; 4; 2280; 2280; 2
99; 99R; <; 7; 70; 4; 2400; 2400; 2
99; 99R; <; 8; 84; 4; 2520; 2580; 2
99; 99R; <; 9; 32; 4; 2640; 2640; 2
99; 99R; <; 10; 88; 4; 2820; 2820; 2
99; 99R; <; 11; 34; 4; 2940; 2940; 2
99; 99R; <; 12; 87; 4; 3120; 3120; 2
99; 99R; <; 1; 58; 4; 2580; 2580; 3
99; 99R; <; 2; 79; 4; 2640; 2640; 3
99; 99R; <; 3; 59; 4; 2760; 2760; 3
99; 99R; <; 4; 64; 4; 2820; 2880; 3
99; 99R; <; 5; 90; 4; 3060; 3060; 3
99; 99R; <; 6; 82; 4; 3180; 3180; 3
99; 99R; <; 7; 70; 4; 3300; 3300; 3
99; 99R; <; 8; 84; 4; 3420; 3480; 3
99; 99R; <; 9; 32; 4; 3540; 3540; 3
99; 99R; <; 10; 88; 4; 120; 120; 3
99; 99R; <; 11; 34; 4; 240; 240; 3
99; 99R; <; 12; 87; 4; 420; 420; 3
99; 99R; <; 1; 58; 4; 3480; 3480; 4
99; 99R; <; 2; 79; 4; 3540; 3540; 4
99; 99R; <; 3; 59; 4; 60; 60; 4
99; 99R; <; 4; 64; 4; 120; 180; 4
99; 99R; <; 5; 90; 4; 360; 360; 4
99; 99R; <; 6; 82; 4; 480; 480; 4
99; 99R; <; 7; 70; 4; 600; 600; 4
99; 99R; <; 8; 84; 4; 720; 780; 4
99; 99R; <; 9; 32; 4; 840; 840; 4
99; 99R; <; 10; 88; 4; 1020; 1020; 4
99; 99R; <; 11; 34; 4; 1140; 1140; 4
99; 99R; <; 12; 87; 4; 1320; 1320; 4
100; 100H; >; 1; 4; 6; 180; 180; 1
100; 100H; >; 2; 5; 6; 240; 240; 1
100; 100H; >; 3; 6; 6; 300; 300; 1
100; 100H; >; 4; 7; 6; 360; 360; 1
100; 100H; >; 5; 8; 6; 420; 420; 1
100; 100H; >; 6; 9; 6; 480; 480; 1
100; 100H; >; 7; 69; 6; 540; 540; 1
100; 100H; >; 8; 11; 6; 660; 660; 1
100; 100H; >; 9; 12; 6; 780; 780; 1
100; 100H; >; 10; 13; 6; 840; 840; 1
100; 100H; >; 11; 14; 6; 900; 900; 1
100; 100H; >; 12; 78; 6; 960; 960; 1
100; 100H; >; 13; 70; 6; 1080; 1080; 1
100; 100H; >; 14; 15; 6; 1140; 1140; 1
100; 100H; >; 15; 62; 6; 1260; 1260; 1
100; 100H; >; 16; 63; 6; 1320; 1320; 1
100; 100H; >; 17; 3; 6; 1380; 1380; 1
100; 100H; >; 18; 65; 6; 1500; 1500; 1
100; 100H; >; 19; 64; 6; 1680; 1680; 1
100; 100H; >; 20; 57; 6; 1740; 1740; 1
100; 100H; >; 21; 60; 6; 1800; 1860; 1
100; 100H; >; 22; 66; 6; 1920; 1920; 1
100; 100H; >; 23; 16; 6; 1980; 1980; 1
100; 100H; >; 24; 71; 6; 2040; 2040; 1
100; 100H; >; 25; 17; 6; 2220; 2220; 1
100; 100H; >; 26; 72; 6; 2280; 2280; 1
100; 100H; >; 27; 41; 6; 2340; 2340; 1
100; 100H; >; 28; 73; 6; 2400; 2400; 1
100; 100H; >; 29; 74; 6; 2460; 2460; 1
100; 100H; >; 30; 75; 6; 2520; 2520; 1
100; 100H; >; 31; 76; 6; 2580; 2640; 1
100; 100H; >; 32; 18; 6; 2700; 2700; 1
100; 100H; >; 33; 19; 6; 2760; 2760; 1
100; 100H; >; 34; 77; 6; 2820; 2820; 1
100; 100H; >; 35; 31; 6; 2940; 2940; 1
100; 100H; >; 36; 40; 6; 3060; 3060; 1
100; 100H; >; 37; 91; 6; 3120; 3120; 1
100; 100H; >; 38; 30; 6; 3240; 3240; 1
100; 100H; >; 39; 89; 6; 3360; 3360; 1
100; 100H; >; 1; 4; 6; 780; 780; 2
100; 100H; >; 2; 5; 6; 840; 840; 2
100; 100H; >; 3; 6; 6; 900; 900; 2
100; 100H; >; 4; 7; 6; 960; 960; 2
100; 100H; >; 5; 8; 6; 1020; 1020; 2
100; 100H; >; 6; 9; 6; 1080; 1080; 2
100; 100H; >; 7; 69; 6; 1140; 1140; 2
100; 100H; >; 8; 11; 6; 1260; 1260; 2
100; 100H; >; 9; 12; 6; 1380; 1380; 2
100; 100H; >; 10; 13; 6; 1440; 1440; 2
100; 100H; >; 11; 14; 6; 1500; 1500; 2
100; 100H; >; 12; 78; 6; 1560; 1560; 2
100; 100H; >; 13; 70; 6; 1680; 1680; 2
100; 100H; >; 14; 15; 6; 1740; 1740; 2
100; 100H; >; 15; 62; 6; 1860; 1860; 2
100; 100H; >; 16; 63; 6; 1920; 1920; 2
100; 100H; >; 17; 3; 6; 1980; 1980; 2
100; 100H; >; 18; 65; 6; 2100; 2100; 2
100; 100H; >; 19; 64; 6; 2280; 2280; 2
100; 100H; >; 20; 57; 6; 2340; 2340; 2
100; 100H; >; 21; 60; 6; 2400; 2460; 2
100; 100H; >; 22; 66; 6; 2520; 2520; 2
100; 100H; >; 23; 16; 6; 2580; 2580; 2
100; 100H; >; 24; 71; 6; 2640; 2640; 2
100; 100H; >; 25; 17; 6; 2820; 2820; 2
100; 100H; >; 26; 72; 6; 2880; 2880; 2
100; 100H; >; 27; 41; 6; 2940; 2940; 2
100; 100H; >; 28; 73; 6; 3000; 3000; 2
100; 100H; >; 29; 74; 6; 3060; 3060; 2
100; 100H; >; 30; 75; 6; 3120; 3120; 2
100; 100H; >; 31; 76; 6; 3180; 3240; 2
100; 100H; >; 32; 18; 6; 3300; 3300; 2
100; 100H; >; 33; 19; 6; 3360; 3360; 2
100; 100H; >; 34; 77; 6; 3420; 3420; 2
100; 100H; >; 35; 31; 6; 3540; 3540; 2
100; 100H; >; 36; 40; 6; 60; 60; 2
100; 100H; >; 37; 91; 6; 120; 120; 2
100; 100H; >; 38; 30; 6; 240; 240; 2
100; 100H; >; 39; 89; 6; 360; 360; 2
100; 100H; >; 1; 4; 6; 1380; 1380; 3
100; 100H; >; 2; 5; 6; 1440; 1440; 3
100; 100H; >; 3; 6; 6; 1500; 1500; 3
100; 100H; >; 4; 7; 6; 1560; 1560; 3
100; 100H; >; 5; 8; 6; 1620; 1620; 3
100; 100H; >; 6; 9; 6; 1680; 1680; 3
100; 100H; >; 7; 69; 6; 1740; 1740; 3
100; 100H; >; 8; 11; 6; 1860; 1860; 3
100; 100H; >; 9; 12; 6; 1980; 1980; 3
100; 100H; >; 10; 13; 6; 2040; 2040; 3
100; 100H; >; 11; 14; 6; 2100; 2100; 3
100; 100H; >; 12; 78; 6; 2160; 2160; 3
100; 100H; >; 13; 70; 6; 2280; 2280; 3
100; 100H; >; 14; 15; 6; 2340; 2340; 3
100; 100H; >; 15; 62; 6; 2460; 2460; 3
100; 100H; >; 16; 63; 6; 2520; 2520; 3
100; 100H; >; 17; 3; 6; 2580; 2580; 3
100; 100H; >; 18; 65; 6; 2700; 2700; 3
100; 100H; >; 19; 64; 6; 2880; 2880; 3
100; 100H; >; 20; 57; 6; 2940; 2940; 3
100; 100H; >; 21; 60; 6; 3000; 3060; 3
100; 100H; >; 22; 66; 6; 3120; 3120; 3
100; 100H; >; 23; 16; 6; 3180; 3180; 3
100; 100H; >; 24; 71; 6; 3240; 3240; 3
100; 100H; >; 25; 17; 6; 3420; 3420; 3
100; 100H; >; 26; 72; 6; 3480; 3480; 3
100; 100H; >; 27; 41; 6; 3540; 3540; 3
100; 100H; >; 28; 73; 6; 0; 0; 3
100; 100H; >; 29; 74; 6; 60; 60; 3
100; 100H; >; 30; 75; 6; 120; 120; 3
100; 100H; >; 31; 76; 6; 180; 240; 3
100; 100H; >; 32; 18; 6; 300; 300; 3
100; 100H; >; 33; 19; 6; 360; 360; 3
100; 100H; >; 34; 77; 6; 420; 420; 3
100; 100H; >; 35; 31; 6; 540; 540; 3
100; 100H; >; 36; 40; 6; 660; 660; 3
100; 100H; >; 37; 91; 6; 720; 720; 3
100; 100H; >; 38; 30; 6; 840; 840; 3
100; 100H; >; 39; 89; 6; 960; 960; 3
100; 100H; >; 1; 4; 6; 1980; 1980; 4
100; 100H; >; 2; 5; 6; 2040; 2040; 4
100; 100H; >; 3; 6; 6; 2100; 2100; 4
100; 100H; >; 4; 7; 6; 2160; 2160; 4
100; 100H; >; 5; 8; 6; 2220; 2220; 4
100; 100H; >; 6; 9; 6; 2280; 2280; 4
100; 100H; >; 7; 69; 6; 2340; 2340; 4
100; 100H; >; 8; 11; 6; 2460; 2460; 4
100; 100H; >; 9; 12; 6; 2580; 2580; 4
100; 100H; >; 10; 13; 6; 2640; 2640; 4
100; 100H; >; 11; 14; 6; 2700; 2700; 4
100; 100H; >; 12; 78; 6; 2760; 2760; 4
100; 100H; >; 13; 70; 6; 2880; 2880; 4
100; 100H; >; 14; 15; 6; 2940; 2940; 4
100; 100H; >; 15; 62; 6; 3060; 3060; 4
100; 100H; >; 16; 63; 6; 3120; 3120; 4
100; 100H; >; 17; 3; 6; 3180; 3180; 4
100; 100H; >; 18; 65; 6; 3300; 3300; 4
100; 100H; >; 19; 64; 6; 3480; 3480; 4
100; 100H; >; 20; 57; 6; 3540; 3540; 4
100; 100H; >; 21; 60; 6; 0; 60; 4
100; 100H; >; 22; 66; 6; 120; 120; 4
100; 100H; >; 23; 16; 6; 180; 180; 4
100; 100H; >; 24; 71; 6; 240; 240; 4
100; 100H; >; 25; 17; 6; 420; 420; 4
100; 100H; >; 26; 72; 6; 480; 480; 4
100; 100H; >; 27; 41; 6; 540; 540; 4
100; 100H; >; 28; 73; 6; 600; 600; 4
100; 100H; >; 29; 74; 6; 660; 660; 4
100; 100H; >; 30; 75; 6; 720; 720; 4
100; 100H; >; 31; 76; 6; 780; 840; 4
100; 100H; >; 32; 18; 6; 900; 900; 4
100; 100H; >; 33; 19; 6; 960; 960; 4
100; 100H; >; 34; 77; 6; 1020; 1020; 4
100; 100H; >; 35; 31; 6; 1140; 1140; 4
100; 100H; >; 36; 40; 6; 1260; 1260; 4
100; 100H; >; 37; 91; 6; 1320; 1320; 4
100; 100H; >; 38; 30; 6; 1440; 1440; 4
100; 100H; >; 39; 89; 6; 1560; 1560; 4
100; 100H; >; 1; 4; 6; 2580; 2580; 5
100; 100H; >; 2; 5; 6; 2640; 2640; 5
100; 100H; >; 3; 6; 6; 2700; 2700; 5
100; 100H; >; 4; 7; 6; 2760; 2760; 5
100; 100H; >; 5; 8; 6; 2820; 2820; 5
100; 100H; >; 6; 9; 6; 2880; 2880; 5
100; 100H; >; 7; 69; 6; 2940; 2940; 5
100; 100H; >; 8; 11; 6; 3060; 3060; 5
100; 100H; >; 9; 12; 6; 3180; 3180; 5
100; 100H; >; 10; 13; 6; 3240; 3240; 5
100; 100H; >; 11; 14; 6; 3300; 3300; 5
100; 100H; >; 12; 78; 6; 3360; 3360; 5
100; 100H; >; 13; 70; 6; 3480; 3480; 5
100; 100H; >; 14; 15; 6; 3540; 3540; 5
100; 100H; >; 15; 62; 6; 60; 60; 5
100; 100H; >; 16; 63; 6; 120; 120; 5
100; 100H; >; 17; 3; 6; 180; 180; 5
100; 100H; >; 18; 65; 6; 300; 300; 5
100; 100H; >; 19; 64; 6; 480; 480; 5
100; 100H; >; 20; 57; 6; 540; 540; 5
100; 100H; >; 21; 60; 6; 600; 660; 5
100; 100H; >; 22; 66; 6; 720; 720; 5
100; 100H; >; 23; 16; 6; 780; 780; 5
100; 100H; >; 24; 71; 6; 840; 840; 5
100; 100H; >; 25; 17; 6; 1020; 1020; 5
100; 100H; >; 26; 72; 6; 1080; 1080; 5
100; 100H; >; 27; 41; 6; 1140; 1140; 5
100; 100H; >; 28; 73; 6; 1200; 1200; 5
100; 100H; >; 29; 74; 6; 1260; 1260; 5
100; 100H; >; 30; 75; 6; 1320; 1320; 5
100; 100H; >; 31; 76; 6; 1380; 1440; 5
100; 100H; >; 32; 18; 6; 1500; 1500; 5
100; 100H; >; 33; 19; 6; 1560; 1560; 5
100; 100H; >; 34; 77; 6; 1620; 1620; 5
100; 100H; >; 35; 31; 6; 1740; 1740; 5
100; 100H; >; 36; 40; 6; 1860; 1860; 5
100; 100H; >; 37; 91; 6; 1920; 1920; 5
100; 100H; >; 38; 30; 6; 2040; 2040; 5
100; 100H; >; 39; 89; 6; 2160; 2160; 5
100; 100H; >; 1; 4; 6; 3180; 3180; 6
100; 100H; >; 2; 5; 6; 3240; 3240; 6
100; 100H; >; 3; 6; 6; 3300; 3300; 6
100; 100H; >; 4; 7; 6; 3360; 3360; 6
100; 100H; >; 5; 8; 6; 3420; 3420; 6
100; 100H; >; 6; 9; 6; 3480; 3480; 6
100; 100H; >; 7; 69; 6; 3540; 3540; 6
100; 100H; >; 8; 11; 6; 60; 60; 6
100; 100H; >; 9; 12; 6; 180; 180; 6
100; 100H; >; 10; 13; 6; 240; 240; 6
100; 100H; >; 11; 14; 6; 300; 300; 6
100; 100H; >; 12; 78; 6; 360; 360; 6
100; 100H; >; 13; 70; 6; 480; 480; 6
100; 100H; >; 14; 15; 6; 540; 540; 6
100; 100H; >; 15; 62; 6; 660; 660; 6
100; 100H; >; 16; 63; 6; 720; 720; 6
100; 100H; >; 17; 3; 6; 780; 780; 6
100; 100H; >; 18; 65; 6; 900; 900; 6
100; 100H; >; 19; 64; 6; 1080; 1080; 6
100; 100H; >; 20; 57; 6; 1140; 1140; 6
100; 100H; >; 21; 60; 6; 1200; 1260; 6
100; 100H; >; 22; 66; 6; 1320; 1320; 6
100; 100H; >; 23; 16; 6; 1380; 1380; 6
100; 100H; >; 24; 71; 6; 1440; 1440; 6
100; 100H; >; 25; 17; 6; 1620; 1620; 6
100; 100H; >; 26; 72; 6; 1680; 1680; 6
100; 100H; >; 27; 41; 6; 1740; 1740; 6
100; 100H; >; 28; 73; 6; 1800; 1800; 6
100; 100H; >; 29; 74; 6; 1860; 1860; 6
100; 100H; >; 30; 75; 6; 1920; 1920; 6
100; 100H; >; 31; 76; 6; 1980; 2040; 6
100; 100H; >; 32; 18; 6; 2100; 2100; 6
100; 100H; >; 33; 19; 6; 2160; 2160; 6
100; 100H; >; 34; 77; 6; 2220; 2220; 6
100; 100H; >; 35; 31; 6; 2340; 2340; 6
100; 100H; >; 36; 40; 6; 2460; 2460; 6
100; 100H; >; 37; 91; 6; 2520; 2520; 6
100; 100H; >; 38; 30; 6; 2640; 2640; 6
100; 100H; >; 39; 89; 6; 2760; 2760; 6
100; 100R; <; 1; 89; 6; 120; 120; 1
100; 100R; <; 2; 30; 6; 240; 240; 1
100; 100R; <; 3; 91; 6; 300; 300; 1
100; 100R; <; 4; 40; 6; 360; 360; 1
100; 100R; <; 5; 31; 6; 420; 420; 1
100; 100R; <; 6; 77; 6; 540; 540; 1
100; 100R; <; 7; 19; 6; 600; 600; 1
100; 100R; <; 8; 18; 6; 660; 660; 1
100; 100R; <; 9; 76; 6; 780; 840; 1
100; 100R; <; 10; 75; 6; 840; 840; 1
100; 100R; <; 11; 74; 6; 960; 960; 1
100; 100R; <; 12; 73; 6; 1020; 1020; 1
100; 100R; <; 13; 41; 6; 1080; 1080; 1
100; 100R; <; 14; 72; 6; 1140; 1140; 1
100; 100R; <; 15; 17; 6; 1200; 1200; 1
100; 100R; <; 16; 71; 6; 1380; 1380; 1
100; 100R; <; 17; 16; 6; 1440; 1440; 1
100; 100R; <; 18; 66; 6; 1560; 1560; 1
100; 100R; <; 19; 60; 6; 1620; 1680; 1
100; 100R; <; 20; 57; 6; 1740; 1740; 1
100; 100R; <; 21; 64; 6; 1860; 1860; 1
100; 100R; <; 22; 65; 6; 1920; 1920; 1
100; 100R; <; 23; 3; 6; 2040; 2040; 1
100; 100R; <; 24; 63; 6; 2100; 2100; 1
100; 100R; <; 25; 62; 6; 2220; 2220; 1
100; 100R; <; 26; 15; 6; 2280; 2280; 1
100; 100R; <; 27; 70; 6; 2340; 2340; 1
100; 100R; <; 28; 78; 6; 2460; 2460; 1
100; 100R; <; 29; 14; 6; 2520; 2520; 1
100; 100R; <; 30; 13; 6; 2580; 2580; 1
100; 100R; <; 31; 12; 6; 2700; 2700; 1
100; 100R; <; 32; 11; 6; 2760; 2760; 1
100; 100R; <; 33; 69; 6; 2880; 2880; 1
100; 100R; <; 34; 9; 6; 2940; 2940; 1
100; 100R; <; 35; 8; 6; 3000; 3000; 1
100; 100R; <; 36; 7; 6; 3060; 3060; 1
100; 100R; <; 37; 6; 6; 3120; 3120; 1
100; 100R; <; 38; 5; 6; 3180; 3180; 1
100; 100R; <; 39; 4; 6; 3240; 3240; 1
100; 100R; <; 1; 89; 6; 720; 720; 2
100; 100R; <; 2; 30; 6; 840; 840; 2
100; 100R; <; 3; 91; 6; 900; 900; 2
100; 100R; <; 4; 40; 6; 960; 960; 2
100; 100R; <; 5; 31; 6; 1020; 1020; 2
100; 100R; <; 6; 77; 6; 1140; 1140; 2
100; 100R; <; 7; 19; 6; 1200; 1200; 2
100; 100R; <; 8; 18; 6; 1260; 1260; 2
100; 100R; <; 9; 76; 6; 1380; 1440; 2
100; 100R; <; 10; 75; 6; 1440; 1440; 2
100; 100R; <; 11; 74; 6; 1560; 1560; 2
100; 100R; <; 12; 73; 6; 1620; 1620; 2
100; 100R; <; 13; 41; 6; 1680; 1680; 2
100; 100R; <; 14; 72; 6; 1740; 1740; 2
100; 100R; <; 15; 17; 6; 1800; 1800; 2
100; 100R; <; 16; 71; 6; 1980; 1980; 2
100; 100R; <; 17; 16; 6; 2040; 2040; 2
100; 100R; <; 18; 66; 6; 2160; 2160; 2
100; 100R; <; 19; 60; 6; 2220; 2280; 2
100; 100R; <; 20; 57; 6; 2340; 2340; 2
100; 100R; <; 21; 64; 6; 2460; 2460; 2
100; 100R; <; 22; 65; 6; 2520; 2520; 2
100; 100R; <; 23; 3; 6; 2640; 2640; 2
100; 100R; <; 24; 63; 6; 2700; 2700; 2
100; 100R; <; 25; 62; 6; 2820; 2820; 2
100; 100R; <; 26; 15; 6; 2880; 2880; 2
100; 100R; <; 27; 70; 6; 2940; 2940; 2
100; 100R; <; 28; 78; 6; 3060; 3060; 2
100; 100R; <; 29; 14; 6; 3120; 3120; 2
100; 100R; <; 30; 13; 6; 3180; 3180; 2
100; 100R; <; 31; 12; 6; 3300; 3300; 2
100; 100R; <; 32; 11; 6; 3360; 3360; 2
100; 100R; <; 33; 69; 6; 3480; 3480; 2
100; 100R; <; 34; 9; 6; 3540; 3540; 2
100; 100R; <; 35; 8; 6; 0; 0; 2
100; 100R; <; 36; 7; 6; 60; 60; 2
100; 100R; <; 37; 6; 6; 120; 120; 2
100; 100R; <; 38; 5; 6; 180; 180; 2
100; 100R; <; 39; 4; 6; 240; 240; 2
100; 100R; <; 1; 89; 6; 1320; 1320; 3
100; 100R; <; 2; 30; 6; 1440; 1440; 3
100; 100R; <; 3; 91; 6; 1500; 1500; 3
100; 100R; <; 4; 40; 6; 1560; 1560; 3
100; 100R; <; 5; 31; 6; 1620; 1620; 3
100; 100R; <; 6; 77; 6; 1740; 1740; 3
100; 100R; <; 7; 19; 6; 1800; 1800; 3
100; 100R; <; 8; 18; 6; 1860; 1860; 3
100; 100R; <; 9; 76; 6; 1980; 2040; 3
100; 100R; <; 10; 75; 6; 2040; 2040; 3
100; 100R; <; 11; 74; 6; 2160; 2160; 3
100; 100R; <; 12; 73; 6; 2220; 2220; 3
100; 100R; <; 13; 41; 6; 2280; 2280; 3
100; 100R; <; 14; 72; 6; 2340; 2340; 3
100; 100R; <; 15; 17; 6; 2400; 2400; 3
100; 100R; <; 16; 71; 6; 2580; 2580; 3
100; 100R; <; 17; 16; 6; 2640; 2640; 3
100; 100R; <; 18; 66; 6; 2760; 2760; 3
100; 100R; <; 19; 60; 6; 2820; 2880; 3
100; 100R; <; 20; 57; 6; 2940; 2940; 3
100; 100R; <; 21; 64; 6; 3060; 3060; 3
100; 100R; <; 22; 65; 6; 3120; 3120; 3
100; 100R; <; 23; 3; 6; 3240; 3240; 3
100; 100R; <; 24; 63; 6; 3300; 3300; 3
100; 100R; <; 25; 62; 6; 3420; 3420; 3
100; 100R; <; 26; 15; 6; 3480; 3480; 3
100; 100R; <; 27; 70; 6; 3540; 3540; 3
100; 100R; <; 28; 78; 6; 60; 60; 3
100; 100R; <; 29; 14; 6; 120; 120; 3
100; 100R; <; 30; 13; 6; 180; 180; 3
100; 100R; <; 31; 12; 6; 300; 300; 3
100; 100R; <; 32; 11; 6; 360; 360; 3
100; 100R; <; 33; 69; 6; 480; 480; 3
100; 100R; <; 34; 9; 6; 540; 540; 3
100; 100R; <; 35; 8; 6; 600; 600; 3
100; 100R; <; 36; 7; 6; 660; 660; 3
100; 100R; <; 37; 6; 6; 720; 720; 3
100; 100R; <; 38; 5; 6; 780; 780; 3
100; 100R; <; 39; 4; 6; 840; 840; 3
100; 100R; <; 1; 89; 6; 1920; 1920; 4
100; 100R; <; 2; 30; 6; 2040; 2040; 4
100; 100R; <; 3; 91; 6; 2100; 2100; 4
100; 100R; <; 4; 40; 6; 2160; 2160; 4
100; 100R; <; 5; 31; 6; 2220; 2220; 4
100; 100R; <; 6; 77; 6; 2340; 2340; 4
100; 100R; <; 7; 19; 6; 2400; 2400; 4
100; 100R; <; 8; 18; 6; 2460; 2460; 4
100; 100R; <; 9; 76; 6; 2580; 2640; 4
100; 100R; <; 10; 75; 6; 2640; 2640; 4
100; 100R; <; 11; 74; 6; 2760; 2760; 4
100; 100R; <; 12; 73; 6; 2820; 2820; 4
100; 100R; <; 13; 41; 6; 2880; 2880; 4
100; 100R; <; 14; 72; 6; 2940; 2940; 4
100; 100R; <; 15; 17; 6; 3000; 3000; 4
100; 100R; <; 16; 71; 6; 3180; 3180; 4
100; 100R; <; 17; 16; 6; 3240; 3240; 4
100; 100R; <; 18; 66; 6; 3360; 3360; 4
100; 100R; <; 19; 60; 6; 3420; 3480; 4
100; 100R; <; 20; 57; 6; 3540; 3540; 4
100; 100R; <; 21; 64; 6; 60; 60; 4
100; 100R; <; 22; 65; 6; 120; 120; 4
100; 100R; <; 23; 3; 6; 240; 240; 4
100; 100R; <; 24; 63; 6; 300; 300; 4
100; 100R; <; 25; 62; 6; 420; 420; 4
100; 100R; <; 26; 15; 6; 480; 480; 4
100; 100R; <; 27; 70; 6; 540; 540; 4
100; 100R; <; 28; 78; 6; 660; 660; 4
100; 100R; <; 29; 14; 6; 720; 720; 4
100; 100R; <; 30; 13; 6; 780; 780; 4
100; 100R; <; 31; 12; 6; 900; 900; 4
100; 100R; <; 32; 11; 6; 960; 960; 4
100; 100R; <; 33; 69; 6; 1080; 1080; 4
100; 100R; <; 34; 9; 6; 1140; 1140; 4
100; 100R; <; 35; 8; 6; 1200; 1200; 4
100; 100R; <; 36; 7; 6; 1260; 1260; 4
100; 100R; <; 37; 6; 6; 1320; 1320; 4
100; 100R; <; 38; 5; 6; 1380; 1380; 4
100; 100R; <; 39; 4; 6; 1440; 1440; 4
100; 100R; <; 1; 89; 6; 2520; 2520; 5
100; 100R; <; 2; 30; 6; 2640; 2640; 5
100; 100R; <; 3; 91; 6; 2700; 2700; 5
100; 100R; <; 4; 40; 6; 2760; 2760; 5
100; 100R; <; 5; 31; 6; 2820; 2820; 5
100; 100R; <; 6; 77; 6; 2940; 2940; 5
100; 100R; <; 7; 19; 6; 3000; 3000; 5
100; 100R; <; 8; 18; 6; 3060; 3060; 5
100; 100R; <; 9; 76; 6; 3180; 3240; 5
100; 100R; <; 10; 75; 6; 3240; 3240; 5
100; 100R; <; 11; 74; 6; 3360; 3360; 5
100; 100R; <; 12; 73; 6; 3420; 3420; 5
100; 100R; <; 13; 41; 6; 3480; 3480; 5
100; 100R; <; 14; 72; 6; 3540; 3540; 5
100; 100R; <; 15; 17; 6; 0; 0; 5
100; 100R; <; 16; 71; 6; 180; 180; 5
100; 100R; <; 17; 16; 6; 240; 240; 5
100; 100R; <; 18; 66; 6; 360; 360; 5
100; 100R; <; 19; 60; 6; 420; 480; 5
100; 100R; <; 20; 57; 6; 540; 540; 5
100; 100R; <; 21; 64; 6; 660; 660; 5
100; 100R; <; 22; 65; 6; 720; 720; 5
100; 100R; <; 23; 3; 6; 840; 840; 5
100; 100R; <; 24; 63; 6; 900; 900; 5
100; 100R; <; 25; 62; 6; 1020; 1020; 5
100; 100R; <; 26; 15; 6; 1080; 1080; 5
100; 100R; <; 27; 70; 6; 1140; 1140; 5
100; 100R; <; 28; 78; 6; 1260; 1260; 5
100; 100R; <; 29; 14; 6; 1320; 1320; 5
100; 100R; <; 30; 13; 6; 1380; 1380; 5
100; 100R; <; 31; 12; 6; 1500; 1500; 5
100; 100R; <; 32; 11; 6; 1560; 1560; 5
100; 100R; <; 33; 69; 6; 1680; 1680; 5
100; 100R; <; 34; 9; 6; 1740; 1740; 5
100; 100R; <; 35; 8; 6; 1800; 1800; 5
100; 100R; <; 36; 7; 6; 1860; 1860; 5
100; 100R; <; 37; 6; 6; 1920; 1920; 5
100; 100R; <; 38; 5; 6; 1980; 1980; 5
100; 100R; <; 39; 4; 6; 2040; 2040; 5
100; 100R; <; 1; 89; 6; 3120; 3120; 6
100; 100R; <; 2; 30; 6; 3240; 3240; 6
100; 100R; <; 3; 91; 6; 3300; 3300; 6
100; 100R; <; 4; 40; 6; 3360; 3360; 6
100; 100R; <; 5; 31; 6; 3420; 3420; 6
100; 100R; <; 6; 77; 6; 3540; 3540; 6
100; 100R; <; 7; 19; 6; 0; 0; 6
100; 100R; <; 8; 18; 6; 60; 60; 6
100; 100R; <; 9; 76; 6; 180; 240; 6
100; 100R; <; 10; 75; 6; 240; 240; 6
100; 100R; <; 11; 74; 6; 360; 360; 6
100; 100R; <; 12; 73; 6; 420; 420; 6
100; 100R; <; 13; 41; 6; 480; 480; 6
100; 100R; <; 14; 72; 6; 540; 540; 6
100; 100R; <; 15; 17; 6; 600; 600; 6
100; 100R; <; 16; 71; 6; 780; 780; 6
100; 100R; <; 17; 16; 6; 840; 840; 6
100; 100R; <; 18; 66; 6; 960; 960; 6
100; 100R; <; 19; 60; 6; 1020; 1080; 6
100; 100R; <; 20; 57; 6; 1140; 1140; 6
100; 100R; <; 21; 64; 6; 1260; 1260; 6
100; 100R; <; 22; 65; 6; 1320; 1320; 6
100; 100R; <; 23; 3; 6; 1440; 1440; 6
100; 100R; <; 24; 63; 6; 1500; 1500; 6
100; 100R; <; 25; 62; 6; 1620; 1620; 6
100; 100R; <; 26; 15; 6; 1680; 1680; 6
100; 100R; <; 27; 70; 6; 1740; 1740; 6
100; 100R; <; 28; 78; 6; 1860; 1860; 6
100; 100R; <; 29; 14; 6; 1920; 1920; 6
100; 100R; <; 30; 13; 6; 1980; 1980; 6
100; 100R; <; 31; 12; 6; 2100; 2100; 6
100; 100R; <; 32; 11; 6; 2160; 2160; 6
100; 100R; <; 33; 69; 6; 2280; 2280; 6
100; 100R; <; 34; 9; 6; 2340; 2340; 6
100; 100R; <; 35; 8; 6; 2400; 2400; 6
100; 100R; <; 36; 7; 6; 2460; 2460; 6
100; 100R; <; 37; 6; 6; 2520; 2520; 6
100; 100R; <; 38; 5; 6; 2580; 2580; 6
100; 100R; <; 39; 4; 6; 2640; 2640; 6
101; 101H; >; 1; 5; 6; 120; 120; 1
101; 101H; >; 2; 6; 6; 180; 180; 1
101; 101H; >; 3; 7; 6; 240; 240; 1
101; 101H; >; 4; 8; 6; 300; 300; 1
101; 101H; >; 5; 9; 6; 360; 360; 1
101; 101H; >; 6; 69; 6; 420; 420; 1
101; 101H; >; 7; 11; 6; 540; 540; 1
101; 101H; >; 8; 12; 6; 600; 600; 1
101; 101H; >; 9; 13; 6; 720; 720; 1
101; 101H; >; 10; 14; 6; 780; 780; 1
101; 101H; >; 11; 78; 6; 840; 840; 1
101; 101H; >; 12; 70; 6; 960; 960; 1
101; 101H; >; 13; 15; 6; 1020; 1020; 1
101; 101H; >; 14; 62; 6; 1080; 1080; 1
101; 101H; >; 15; 81; 6; 1200; 1200; 1
101; 101H; >; 16; 23; 6; 1320; 1320; 1
101; 101H; >; 17; 24; 6; 1380; 1380; 1
101; 101H; >; 18; 80; 6; 1440; 1440; 1
101; 101H; >; 19; 83; 6; 1560; 1560; 1
101; 101H; >; 20; 1; 6; 1740; 1740; 1
101; 101H; >; 21; 33; 6; 1800; 1800; 1
101; 101H; >; 22; 25; 6; 1920; 1920; 1
101; 101H; >; 23; 26; 6; 1980; 1980; 1
101; 101H; >; 24; 27; 6; 2100; 2100; 1
101; 101H; >; 25; 28; 6; 2100; 2100; 1
101; 101H; >; 26; 61; 6; 2160; 2160; 1
101; 101H; >; 27; 2; 6; 2340; 2340; 1
101; 101H; >; 28; 20; 6; 2400; 2400; 1
101; 101H; >; 29; 21; 6; 2460; 2460; 1
101; 101H; >; 30; 22; 6; 2520; 2520; 1
101; 101H; >; 1; 5; 6; 720; 720; 2
101; 101H; >; 2; 6; 6; 780; 780; 2
101; 101H; >; 3; 7; 6; 840; 840; 2
101; 101H; >; 4; 8; 6; 900; 900; 2
101; 101H; >; 5; 9; 6; 960; 960; 2
101; 101H; >; 6; 69; 6; 1020; 1020; 2
101; 101H; >; 7; 11; 6; 1140; 1140; 2
101; 101H; >; 8; 12; 6; 1200; 1200; 2
101; 101H; >; 9; 13; 6; 1320; 1320; 2
101; 101H; >; 10; 14; 6; 1380; 1380; 2
101; 101H; >; 11; 78; 6; 1440; 1440; 2
101; 101H; >; 12; 70; 6; 1560; 1560; 2
101; 101H; >; 13; 15; 6; 1620; 1620; 2
101; 101H; >; 14; 62; 6; 1680; 1680; 2
101; 101H; >; 15; 81; 6; 1800; 1800; 2
101; 101H; >; 16; 23; 6; 1920; 1920; 2
101; 101H; >; 17; 24; 6; 1980; 1980; 2
101; 101H; >; 18; 80; 6; 2040; 2040; 2
101; 101H; >; 19; 83; 6; 2160; 2160; 2
101; 101H; >; 20; 1; 6; 2340; 2340; 2
101; 101H; >; 21; 33; 6; 2400; 2400; 2
101; 101H; >; 22; 25; 6; 2520; 2520; 2
101; 101H; >; 23; 26; 6; 2580; 2580; 2
101; 101H; >; 24; 27; 6; 2700; 2700; 2
101; 101H; >; 25; 28; 6; 2700; 2700; 2
101; 101H; >; 26; 61; 6; 2760; 2760; 2
101; 101H; >; 27; 2; 6; 2940; 2940; 2
101; 101H; >; 28; 20; 6; 3000; 3000; 2
101; 101H; >; 29; 21; 6; 3060; 3060; 2
101; 101H; >; 30; 22; 6; 3120; 3120; 2
101; 101H; >; 1; 5; 6; 1320; 1320; 3
101; 101H; >; 2; 6; 6; 1380; 1380; 3
101; 101H; >; 3; 7; 6; 1440; 1440; 3
101; 101H; >; 4; 8; 6; 1500; 1500; 3
101; 101H; >; 5; 9; 6; 1560; 1560; 3
101; 101H; >; 6; 69; 6; 1620; 1620; 3
101; 101H; >; 7; 11; 6; 1740; 1740; 3
101; 101H; >; 8; 12; 6; 1800; 1800; 3
101; 101H; >; 9; 13; 6; 1920; 1920; 3
101; 101H; >; 10; 14; 6; 1980; 1980; 3
101; 101H; >; 11; 78; 6; 2040; 2040; 3
101; 101H; >; 12; 70; 6; 2160; 2160; 3
101; 101H; >; 13; 15; 6; 2220; 2220; 3
101; 101H; >; 14; 62; 6; 2280; 2280; 3
101; 101H; >; 15; 81; 6; 2400; 2400; 3
101; 101H; >; 16; 23; 6; 2520; 2520; 3
101; 101H; >; 17; 24; 6; 2580; 2580; 3
101; 101H; >; 18; 80; 6; 2640; 2640; 3
101; 101H; >; 19; 83; 6; 2760; 2760; 3
101; 101H; >; 20; 1; 6; 2940; 2940; 3
101; 101H; >; 21; 33; 6; 3000; 3000; 3
101; 101H; >; 22; 25; 6; 3120; 3120; 3
101; 101H; >; 23; 26; 6; 3180; 3180; 3
101; 101H; >; 24; 27; 6; 3300; 3300; 3
101; 101H; >; 25; 28; 6; 3300; 3300; 3
101; 101H; >; 26; 61; 6; 3360; 3360; 3
101; 101H; >; 27; 2; 6; 3540; 3540; 3
101; 101H; >; 28; 20; 6; 0; 0; 3
101; 101H; >; 29; 21; 6; 60; 60; 3
101; 101H; >; 30; 22; 6; 120; 120; 3
101; 101H; >; 1; 5; 6; 1920; 1920; 4
101; 101H; >; 2; 6; 6; 1980; 1980; 4
101; 101H; >; 3; 7; 6; 2040; 2040; 4
101; 101H; >; 4; 8; 6; 2100; 2100; 4
101; 101H; >; 5; 9; 6; 2160; 2160; 4
101; 101H; >; 6; 69; 6; 2220; 2220; 4
101; 101H; >; 7; 11; 6; 2340; 2340; 4
101; 101H; >; 8; 12; 6; 2400; 2400; 4
101; 101H; >; 9; 13; 6; 2520; 2520; 4
101; 101H; >; 10; 14; 6; 2580; 2580; 4
101; 101H; >; 11; 78; 6; 2640; 2640; 4
101; 101H; >; 12; 70; 6; 2760; 2760; 4
101; 101H; >; 13; 15; 6; 2820; 2820; 4
101; 101H; >; 14; 62; 6; 2880; 2880; 4
101; 101H; >; 15; 81; 6; 3000; 3000; 4
101; 101H; >; 16; 23; 6; 3120; 3120; 4
101; 101H; >; 17; 24; 6; 3180; 3180; 4
101; 101H; >; 18; 80; 6; 3240; 3240; 4
101; 101H; >; 19; 83; 6; 3360; 3360; 4
101; 101H; >; 20; 1; 6; 3540; 3540; 4
101; 101H; >; 21; 33; 6; 0; 0; 4
101; 101H; >; 22; 25; 6; 120; 120; 4
101; 101H; >; 23; 26; 6; 180; 180; 4
101; 101H; >; 24; 27; 6; 300; 300; 4
101; 101H; >; 25; 28; 6; 300; 300; 4
101; 101H; >; 26; 61; 6; 360; 360; 4
101; 101H; >; 27; 2; 6; 540; 540; 4
101; 101H; >; 28; 20; 6; 600; 600; 4
101; 101H; >; 29; 21; 6; 660; 660; 4
101; 101H; >; 30; 22; 6; 720; 720; 4
101; 101H; >; 1; 5; 6; 2520; 2520; 5
101; 101H; >; 2; 6; 6; 2580; 2580; 5
101; 101H; >; 3; 7; 6; 2640; 2640; 5
101; 101H; >; 4; 8; 6; 2700; 2700; 5
101; 101H; >; 5; 9; 6; 2760; 2760; 5
101; 101H; >; 6; 69; 6; 2820; 2820; 5
101; 101H; >; 7; 11; 6; 2940; 2940; 5
101; 101H; >; 8; 12; 6; 3000; 3000; 5
101; 101H; >; 9; 13; 6; 3120; 3120; 5
101; 101H; >; 10; 14; 6; 3180; 3180; 5
101; 101H; >; 11; 78; 6; 3240; 3240; 5
101; 101H; >; 12; 70; 6; 3360; 3360; 5
101; 101H; >; 13; 15; 6; 3420; 3420; 5
101; 101H; >; 14; 62; 6; 3480; 3480; 5
101; 101H; >; 15; 81; 6; 0; 0; 5
101; 101H; >; 16; 23; 6; 120; 120; 5
101; 101H; >; 17; 24; 6; 180; 180; 5
101; 101H; >; 18; 80; 6; 240; 240; 5
101; 101H; >; 19; 83; 6; 360; 360; 5
101; 101H; >; 20; 1; 6; 540; 540; 5
101; 101H; >; 21; 33; 6; 600; 600; 5
101; 101H; >; 22; 25; 6; 720; 720; 5
101; 101H; >; 23; 26; 6; 780; 780; 5
101; 101H; >; 24; 27; 6; 900; 900; 5
101; 101H; >; 25; 28; 6; 900; 900; 5
101; 101H; >; 26; 61; 6; 960; 960; 5
101; 101H; >; 27; 2; 6; 1140; 1140; 5
101; 101H; >; 28; 20; 6; 1200; 1200; 5
101; 101H; >; 29; 21; 6; 1260; 1260; 5
101; 101H; >; 30; 22; 6; 1320; 1320; 5
101; 101H; >; 1; 5; 6; 3120; 3120; 6
101; 101H; >; 2; 6; 6; 3180; 3180; 6
101; 101H; >; 3; 7; 6; 3240; 3240; 6
101; 101H; >; 4; 8; 6; 3300; 3300; 6
101; 101H; >; 5; 9; 6; 3360; 3360; 6
101; 101H; >; 6; 69; 6; 3420; 3420; 6
101; 101H; >; 7; 11; 6; 3540; 3540; 6
101; 101H; >; 8; 12; 6; 0; 0; 6
101; 101H; >; 9; 13; 6; 120; 120; 6
101; 101H; >; 10; 14; 6; 180; 180; 6
101; 101H; >; 11; 78; 6; 240; 240; 6
101; 101H; >; 12; 70; 6; 360; 360; 6
101; 101H; >; 13; 15; 6; 420; 420; 6
101; 101H; >; 14; 62; 6; 480; 480; 6
101; 101H; >; 15; 81; 6; 600; 600; 6
101; 101H; >; 16; 23; 6; 720; 720; 6
101; 101H; >; 17; 24; 6; 780; 780; 6
101; 101H; >; 18; 80; 6; 840; 840; 6
101; 101H; >; 19; 83; 6; 960; 960; 6
101; 101H; >; 20; 1; 6; 1140; 1140; 6
101; 101H; >; 21; 33; 6; 1200; 1200; 6
101; 101H; >; 22; 25; 6; 1320; 1320; 6
101; 101H; >; 23; 26; 6; 1380; 1380; 6
101; 101H; >; 24; 27; 6; 1500; 1500; 6
101; 101H; >; 25; 28; 6; 1500; 1500; 6
101; 101H; >; 26; 61; 6; 1560; 1560; 6
101; 101H; >; 27; 2; 6; 1740; 1740; 6
101; 101H; >; 28; 20; 6; 1800; 1800; 6
101; 101H; >; 29; 21; 6; 1860; 1860; 6
101; 101H; >; 30; 22; 6; 1920; 1920; 6
101; 101R; <; 1; 22; 6; 420; 420; 1
101; 101R; <; 2; 21; 6; 480; 480; 1
101; 101R; <; 3; 20; 6; 540; 540; 1
101; 101R; <; 4; 2; 6; 600; 600; 1
101; 101R; <; 5; 61; 6; 780; 780; 1
101; 101R; <; 6; 28; 6; 840; 840; 1
101; 101R; <; 7; 27; 6; 840; 840; 1
101; 101R; <; 8; 26; 6; 960; 960; 1
101; 101R; <; 9; 25; 6; 1020; 1020; 1
101; 101R; <; 10; 33; 6; 1140; 1140; 1
101; 101R; <; 11; 1; 6; 1200; 1200; 1
101; 101R; <; 12; 83; 6; 1380; 1380; 1
101; 101R; <; 13; 80; 6; 1500; 1500; 1
101; 101R; <; 14; 24; 6; 1560; 1560; 1
101; 101R; <; 15; 23; 6; 1620; 1620; 1
101; 101R; <; 16; 81; 6; 1740; 1740; 1
101; 101R; <; 17; 62; 6; 1860; 1860; 1
101; 101R; <; 18; 15; 6; 1920; 1920; 1
101; 101R; <; 19; 70; 6; 1980; 1980; 1
101; 101R; <; 20; 78; 6; 2100; 2100; 1
101; 101R; <; 21; 14; 6; 2160; 2160; 1
101; 101R; <; 22; 13; 6; 2220; 2220; 1
101; 101R; <; 23; 12; 6; 2340; 2340; 1
101; 101R; <; 24; 11; 6; 2400; 2400; 1
101; 101R; <; 25; 69; 6; 2520; 2520; 1
101; 101R; <; 26; 9; 6; 2580; 2580; 1
101; 101R; <; 27; 8; 6; 2640; 2640; 1
101; 101R; <; 28; 7; 6; 2700; 2700; 1
101; 101R; <; 29; 6; 6; 2760; 2760; 1
101; 101R; <; 30; 5; 6; 2820; 2820; 1
101; 101R; <; 1; 22; 6; 1020; 1020; 2
101; 101R; <; 2; 21; 6; 1080; 1080; 2
101; 101R; <; 3; 20; 6; 1140; 1140; 2
101; 101R; <; 4; 2; 6; 1200; 1200; 2
101; 101R; <; 5; 61; 6; 1380; 1380; 2
101; 101R; <; 6; 28; 6; 1440; 1440; 2
101; 101R; <; 7; 27; 6; 1440; 1440; 2
101; 101R; <; 8; 26; 6; 1560; 1560; 2
101; 101R; <; 9; 25; 6; 1620; 1620; 2
101; 101R; <; 10; 33; 6; 1740; 1740; 2
101; 101R; <; 11; 1; 6; 1800; 1800; 2
101; 101R; <; 12; 83; 6; 1980; 1980; 2
101; 101R; <; 13; 80; 6; 2100; 2100; 2
101; 101R; <; 14; 24; 6; 2160; 2160; 2
101; 101R; <; 15; 23; 6; 2220; 2220; 2
101; 101R; <; 16; 81; 6; 2340; 2340; 2
101; 101R; <; 17; 62; 6; 2460; 2460; 2
101; 101R; <; 18; 15; 6; 2520; 2520; 2
101; 101R; <; 19; 70; 6; 2580; 2580; 2
101; 101R; <; 20; 78; 6; 2700; 2700; 2
101; 101R; <; 21; 14; 6; 2760; 2760; 2
101; 101R; <; 22; 13; 6; 2820; 2820; 2
101; 101R; <; 23; 12; 6; 2940; 2940; 2
101; 101R; <; 24; 11; 6; 3000; 3000; 2
101; 101R; <; 25; 69; 6; 3120; 3120; 2
101; 101R; <; 26; 9; 6; 3180; 3180; 2
101; 101R; <; 27; 8; 6; 3240; 3240; 2
101; 101R; <; 28; 7; 6; 3300; 3300; 2
101; 101R; <; 29; 6; 6; 3360; 3360; 2
101; 101R; <; 30; 5; 6; 3420; 3420; 2
101; 101R; <; 1; 22; 6; 1620; 1620; 3
101; 101R; <; 2; 21; 6; 1680; 1680; 3
101; 101R; <; 3; 20; 6; 1740; 1740; 3
101; 101R; <; 4; 2; 6; 1800; 1800; 3
101; 101R; <; 5; 61; 6; 1980; 1980; 3
101; 101R; <; 6; 28; 6; 2040; 2040; 3
101; 101R; <; 7; 27; 6; 2040; 2040; 3
101; 101R; <; 8; 26; 6; 2160; 2160; 3
101; 101R; <; 9; 25; 6; 2220; 2220; 3
101; 101R; <; 10; 33; 6; 2340; 2340; 3
101; 101R; <; 11; 1; 6; 2400; 2400; 3
101; 101R; <; 12; 83; 6; 2580; 2580; 3
101; 101R; <; 13; 80; 6; 2700; 2700; 3
101; 101R; <; 14; 24; 6; 2760; 2760; 3
101; 101R; <; 15; 23; 6; 2820; 2820; 3
101; 101R; <; 16; 81; 6; 2940; 2940; 3
101; 101R; <; 17; 62; 6; 3060; 3060; 3
101; 101R; <; 18; 15; 6; 3120; 3120; 3
101; 101R; <; 19; 70; 6; 3180; 3180; 3
101; 101R; <; 20; 78; 6; 3300; 3300; 3
101; 101R; <; 21; 14; 6; 3360; 3360; 3
101; 101R; <; 22; 13; 6; 3420; 3420; 3
101; 101R; <; 23; 12; 6; 3540; 3540; 3
101; 101R; <; 24; 11; 6; 0; 0; 3
101; 101R; <; 25; 69; 6; 120; 120; 3
101; 101R; <; 26; 9; 6; 180; 180; 3
101; 101R; <; 27; 8; 6; 240; 240; 3
101; 101R; <; 28; 7; 6; 300; 300; 3
101; 101R; <; 29; 6; 6; 360; 360; 3
101; 101R; <; 30; 5; 6; 420; 420; 3
101; 101R; <; 1; 22; 6; 2220; 2220; 4
101; 101R; <; 2; 21; 6; 2280; 2280; 4
101; 101R; <; 3; 20; 6; 2340; 2340; 4
101; 101R; <; 4; 2; 6; 2400; 2400; 4
101; 101R; <; 5; 61; 6; 2580; 2580; 4
101; 101R; <; 6; 28; 6; 2640; 2640; 4
101; 101R; <; 7; 27; 6; 2640; 2640; 4
101; 101R; <; 8; 26; 6; 2760; 2760; 4
101; 101R; <; 9; 25; 6; 2820; 2820; 4
101; 101R; <; 10; 33; 6; 2940; 2940; 4
101; 101R; <; 11; 1; 6; 3000; 3000; 4
101; 101R; <; 12; 83; 6; 3180; 3180; 4
101; 101R; <; 13; 80; 6; 3300; 3300; 4
101; 101R; <; 14; 24; 6; 3360; 3360; 4
101; 101R; <; 15; 23; 6; 3420; 3420; 4
101; 101R; <; 16; 81; 6; 3540; 3540; 4
101; 101R; <; 17; 62; 6; 60; 60; 4
101; 101R; <; 18; 15; 6; 120; 120; 4
101; 101R; <; 19; 70; 6; 180; 180; 4
101; 101R; <; 20; 78; 6; 300; 300; 4
101; 101R; <; 21; 14; 6; 360; 360; 4
101; 101R; <; 22; 13; 6; 420; 420; 4
101; 101R; <; 23; 12; 6; 540; 540; 4
101; 101R; <; 24; 11; 6; 600; 600; 4
101; 101R; <; 25; 69; 6; 720; 720; 4
101; 101R; <; 26; 9; 6; 780; 780; 4
101; 101R; <; 27; 8; 6; 840; 840; 4
101; 101R; <; 28; 7; 6; 900; 900; 4
101; 101R; <; 29; 6; 6; 960; 960; 4
101; 101R; <; 30; 5; 6; 1020; 1020; 4
101; 101R; <; 1; 22; 6; 2820; 2820; 5
101; 101R; <; 2; 21; 6; 2880; 2880; 5
101; 101R; <; 3; 20; 6; 2940; 2940; 5
101; 101R; <; 4; 2; 6; 3000; 3000; 5
101; 101R; <; 5; 61; 6; 3180; 3180; 5
101; 101R; <; 6; 28; 6; 3240; 3240; 5
101; 101R; <; 7; 27; 6; 3240; 3240; 5
101; 101R; <; 8; 26; 6; 3360; 3360; 5
101; 101R; <; 9; 25; 6; 3420; 3420; 5
101; 101R; <; 10; 33; 6; 3540; 3540; 5
101; 101R; <; 11; 1; 6; 0; 0; 5
101; 101R; <; 12; 83; 6; 180; 180; 5
101; 101R; <; 13; 80; 6; 300; 300; 5
101; 101R; <; 14; 24; 6; 360; 360; 5
101; 101R; <; 15; 23; 6; 420; 420; 5
101; 101R; <; 16; 81; 6; 540; 540; 5
101; 101R; <; 17; 62; 6; 660; 660; 5
101; 101R; <; 18; 15; 6; 720; 720; 5
101; 101R; <; 19; 70; 6; 780; 780; 5
101; 101R; <; 20; 78; 6; 900; 900; 5
101; 101R; <; 21; 14; 6; 960; 960; 5
101; 101R; <; 22; 13; 6; 1020; 1020; 5
101; 101R; <; 23; 12; 6; 1140; 1140; 5
101; 101R; <; 24; 11; 6; 1200; 1200; 5
101; 101R; <; 25; 69; 6; 1320; 1320; 5
101; 101R; <; 26; 9; 6; 1380; 1380; 5
101; 101R; <; 27; 8; 6; 1440; 1440; 5
101; 101R; <; 28; 7; 6; 1500; 1500; 5
101; 101R; <; 29; 6; 6; 1560; 1560; 5
101; 101R; <; 30; 5; 6; 1620; 1620; 5
101; 101R; <; 1; 22; 6; 3420; 3420; 6
101; 101R; <; 2; 21; 6; 3480; 3480; 6
101; 101R; <; 3; 20; 6; 3540; 3540; 6
101; 101R; <; 4; 2; 6; 0; 0; 6
101; 101R; <; 5; 61; 6; 180; 180; 6
101; 101R; <; 6; 28; 6; 240; 240; 6
101; 101R; <; 7; 27; 6; 240; 240; 6
101; 101R; <; 8; 26; 6; 360; 360; 6
101; 101R; <; 9; 25; 6; 420; 420; 6
101; 101R; <; 10; 33; 6; 540; 540; 6
101; 101R; <; 11; 1; 6; 600; 600; 6
101; 101R; <; 12; 83; 6; 780; 780; 6
101; 101R; <; 13; 80; 6; 900; 900; 6
101; 101R; <; 14; 24; 6; 960; 960; 6
101; 101R; <; 15; 23; 6; 1020; 1020; 6
101; 101R; <; 16; 81; 6; 1140; 1140; 6
101; 101R; <; 17; 62; 6; 1260; 1260; 6
101; 101R; <; 18; 15; 6; 1320; 1320; 6
101; 101R; <; 19; 70; 6; 1380; 1380; 6
101; 101R; <; 20; 78; 6; 1500; 1500; 6
101; 101R; <; 21; 14; 6; 1560; 1560; 6
101; 101R; <; 22; 13; 6; 1620; 1620; 6
101; 101R; <; 23; 12; 6; 1740; 1740; 6
101; 101R; <; 24; 11; 6; 1800; 1800; 6
101; 101R; <; 25; 69; 6; 1920; 1920; 6
101; 101R; <; 26; 9; 6; 1980; 1980; 6
101; 101R; <; 27; 8; 6; 2040; 2040; 6
101; 101R; <; 28; 7; 6; 2100; 2100; 6
101; 101R; <; 29; 6; 6; 2160; 2160; 6
101; 101R; <; 30; 5; 6; 2220; 2220; 6
