# event-id; time
1; 1006
2; 1039
3; 1059
4; 1103
5; 1123
6; 1159
7; 1179
8; 1225
9; 0
10; 46
11; 66
12; 102
13; 122
14; 166
15; 186
16; 219
17; 3035
18; 3063
19; 3083
20; 3107
21; 3127
22; 3406
23; 1801
24; 2080
25; 2100
26; 2124
27; 2144
28; 2172
29; 1099
30; 1142
31; 1162
32; 1180
33; 1200
34; 1389
35; 599
36; 788
37; 808
38; 826
39; 846
40; 889
41; 55
42; 95
43; 115
44; 120
45; 0
46; 5
47; 25
48; 65
49; 2100
50; 2107
51; 2127
52; 2156
53; 300
54; 307
55; 327
56; 356
57; 2104
58; 2133
59; 2153
60; 2160
61; 304
62; 333
63; 353
64; 360
65; 1690
66; 1751
67; 1771
68; 1802
69; 1982
70; 2013
71; 2033
72; 2094
73; 1178
74; 1238
75; 1258
76; 1303
77; 2539
78; 2584
79; 2604
80; 2664
81; 700
82; 880
83; 900
84; 1006
85; 2181
86; 2287
87; 2307
88; 2487
89; 3180
90; 3248
91; 3437
92; 3505
93; 94
94; 162
95; 351
96; 419
97; 608
98; 676
99; 865
100; 933
101; 1122
102; 1190
103; 1379
104; 1447
105; 1637
106; 1705
107; 1894
108; 1962
109; 2151
110; 2219
111; 2408
112; 2476
113; 2665
114; 2733
115; 2922
116; 2990
117; 1492
118; 1560
119; 1749
120; 1817
121; 2006
122; 2074
123; 2263
124; 2331
125; 2520
126; 2588
127; 2777
128; 2845
129; 3034
130; 3102
131; 3291
132; 3359
133; 3549
134; 17
135; 206
136; 274
137; 463
138; 531
139; 720
140; 788
141; 977
142; 1045
143; 1234
144; 1302
145; 1405
146; 1440
147; 3385
148; 3420
149; 0
150; 36
151; 0
152; 36
153; 101
154; 124
155; 1901
156; 1924
157; 2336
158; 2359
159; 536
160; 559
161; 635
162; 826
163; 399
164; 590
165; 2181
166; 2460
167; 727
168; 1006
169; 0
170; 282
171; 399
172; 681
173; 0
174; 57
175; 0
176; 57
177; 2181
178; 2278
179; 0
180; 97
181; 0
182; 133
183; 2304
184; 2437
185; 900
186; 998
187; 0
188; 98
189; 1385
190; 1399
191; 2585
192; 2599
193; 185
194; 199
195; 1788
196; 1802
197; 2988
198; 3002
199; 588
200; 602
201; 1982
202; 2001
203; 3182
204; 3201
205; 782
206; 801
207; 1186
208; 1205
209; 2386
210; 2405
211; 3586
212; 5
213; 0
214; 64
215; 0
216; 64
217; 0
218; 54
219; 0
220; 54
221; 540
222; 720
223; 720
224; 840
225; 840
226; 960
227; 960
228; 1080
229; 1140
230; 1260
231; 1260
232; 1440
233; 1500
234; 1620
235; 1620
236; 1800
237; 1860
238; 1920
239; 1920
240; 1980
241; 1980
242; 2100
243; 1440
244; 1620
245; 1620
246; 1740
247; 1740
248; 1860
249; 1860
250; 1980
251; 2040
252; 2160
253; 2160
254; 2340
255; 2400
256; 2520
257; 2520
258; 2700
259; 2760
260; 2820
261; 2820
262; 2880
263; 2880
264; 3000
265; 2340
266; 2520
267; 2520
268; 2640
269; 2640
270; 2760
271; 2760
272; 2880
273; 2940
274; 3060
275; 3060
276; 3240
277; 3300
278; 3420
279; 3420
280; 0
281; 60
282; 120
283; 120
284; 180
285; 180
286; 300
287; 3240
288; 3420
289; 3420
290; 3540
291; 3540
292; 60
293; 60
294; 180
295; 240
296; 360
297; 360
298; 540
299; 600
300; 720
301; 720
302; 900
303; 960
304; 1020
305; 1020
306; 1080
307; 1080
308; 1200
309; 780
310; 840
311; 840
312; 960
313; 960
314; 1020
315; 1080
316; 1260
317; 1260
318; 1380
319; 1380
320; 1500
321; 1500
322; 1620
323; 1680
324; 1740
325; 1740
326; 1920
327; 1920
328; 2040
329; 2040
330; 2220
331; 1680
332; 1740
333; 1740
334; 1860
335; 1860
336; 1920
337; 1980
338; 2160
339; 2160
340; 2280
341; 2280
342; 2400
343; 2400
344; 2520
345; 2580
346; 2640
347; 2640
348; 2820
349; 2820
350; 2940
351; 2940
352; 3120
353; 2580
354; 2640
355; 2640
356; 2760
357; 2760
358; 2820
359; 2880
360; 3060
361; 3060
362; 3180
363; 3180
364; 3300
365; 3300
366; 3420
367; 3480
368; 3540
369; 3540
370; 120
371; 120
372; 240
373; 240
374; 420
375; 3480
376; 3540
377; 3540
378; 60
379; 60
380; 120
381; 180
382; 360
383; 360
384; 480
385; 480
386; 600
387; 600
388; 720
389; 780
390; 840
391; 840
392; 1020
393; 1020
394; 1140
395; 1140
396; 1320
397; 540
398; 720
399; 720
400; 840
401; 840
402; 960
403; 960
404; 1080
405; 1140
406; 1260
407; 1260
408; 1440
409; 1500
410; 1620
411; 1620
412; 1800
413; 1860
414; 1920
415; 1920
416; 1980
417; 1980
418; 2100
419; 1440
420; 1620
421; 1620
422; 1740
423; 1740
424; 1860
425; 1860
426; 1980
427; 2040
428; 2160
429; 2160
430; 2340
431; 2400
432; 2520
433; 2520
434; 2700
435; 2760
436; 2820
437; 2820
438; 2880
439; 2880
440; 3000
441; 2340
442; 2520
443; 2520
444; 2640
445; 2640
446; 2760
447; 2760
448; 2880
449; 2940
450; 3060
451; 3060
452; 3240
453; 3300
454; 3420
455; 3420
456; 0
457; 60
458; 120
459; 120
460; 180
461; 180
462; 300
463; 3240
464; 3420
465; 3420
466; 3540
467; 3540
468; 60
469; 60
470; 180
471; 240
472; 360
473; 360
474; 540
475; 600
476; 720
477; 720
478; 900
479; 960
480; 1020
481; 1020
482; 1080
483; 1080
484; 1200
485; 780
486; 840
487; 840
488; 960
489; 960
490; 1020
491; 1080
492; 1260
493; 1260
494; 1380
495; 1380
496; 1500
497; 1500
498; 1620
499; 1680
500; 1740
501; 1740
502; 1920
503; 1920
504; 2040
505; 2040
506; 2220
507; 1680
508; 1740
509; 1740
510; 1860
511; 1860
512; 1920
513; 1980
514; 2160
515; 2160
516; 2280
517; 2280
518; 2400
519; 2400
520; 2520
521; 2580
522; 2640
523; 2640
524; 2820
525; 2820
526; 2940
527; 2940
528; 3120
529; 2580
530; 2640
531; 2640
532; 2760
533; 2760
534; 2820
535; 2880
536; 3060
537; 3060
538; 3180
539; 3180
540; 3300
541; 3300
542; 3420
543; 3480
544; 3540
545; 3540
546; 120
547; 120
548; 240
549; 240
550; 420
551; 3480
552; 3540
553; 3540
554; 60
555; 60
556; 120
557; 180
558; 360
559; 360
560; 480
561; 480
562; 600
563; 600
564; 720
565; 780
566; 840
567; 840
568; 1020
569; 1020
570; 1140
571; 1140
572; 1320
573; 180
574; 240
575; 240
576; 300
577; 300
578; 360
579; 360
580; 420
581; 420
582; 480
583; 480
584; 540
585; 540
586; 660
587; 660
588; 780
589; 780
590; 840
591; 840
592; 900
593; 900
594; 960
595; 960
596; 1080
597; 1080
598; 1140
599; 1140
600; 1260
601; 1260
602; 1320
603; 1320
604; 1380
605; 1380
606; 1500
607; 1500
608; 1680
609; 1680
610; 1740
611; 1740
612; 1800
613; 1860
614; 1920
615; 1920
616; 1980
617; 1980
618; 2040
619; 2040
620; 2220
621; 2220
622; 2280
623; 2280
624; 2340
625; 2340
626; 2400
627; 2400
628; 2460
629; 2460
630; 2520
631; 2520
632; 2580
633; 2640
634; 2700
635; 2700
636; 2760
637; 2760
638; 2820
639; 2820
640; 2940
641; 2940
642; 3060
643; 3060
644; 3120
645; 3120
646; 3240
647; 3240
648; 3360
649; 780
650; 840
651; 840
652; 900
653; 900
654; 960
655; 960
656; 1020
657; 1020
658; 1080
659; 1080
660; 1140
661; 1140
662; 1260
663; 1260
664; 1380
665; 1380
666; 1440
667; 1440
668; 1500
669; 1500
670; 1560
671; 1560
672; 1680
673; 1680
674; 1740
675; 1740
676; 1860
677; 1860
678; 1920
679; 1920
680; 1980
681; 1980
682; 2100
683; 2100
684; 2280
685; 2280
686; 2340
687; 2340
688; 2400
689; 2460
690; 2520
691; 2520
692; 2580
693; 2580
694; 2640
695; 2640
696; 2820
697; 2820
698; 2880
699; 2880
700; 2940
701; 2940
702; 3000
703; 3000
704; 3060
705; 3060
706; 3120
707; 3120
708; 3180
709; 3240
710; 3300
711; 3300
712; 3360
713; 3360
714; 3420
715; 3420
716; 3540
717; 3540
718; 60
719; 60
720; 120
721; 120
722; 240
723; 240
724; 360
725; 1380
726; 1440
727; 1440
728; 1500
729; 1500
730; 1560
731; 1560
732; 1620
733; 1620
734; 1680
735; 1680
736; 1740
737; 1740
738; 1860
739; 1860
740; 1980
741; 1980
742; 2040
743; 2040
744; 2100
745; 2100
746; 2160
747; 2160
748; 2280
749; 2280
750; 2340
751; 2340
752; 2460
753; 2460
754; 2520
755; 2520
756; 2580
757; 2580
758; 2700
759; 2700
760; 2880
761; 2880
762; 2940
763; 2940
764; 3000
765; 3060
766; 3120
767; 3120
768; 3180
769; 3180
770; 3240
771; 3240
772; 3420
773; 3420
774; 3480
775; 3480
776; 3540
777; 3540
778; 0
779; 0
780; 60
781; 60
782; 120
783; 120
784; 180
785; 240
786; 300
787; 300
788; 360
789; 360
790; 420
791; 420
792; 540
793; 540
794; 660
795; 660
796; 720
797; 720
798; 840
799; 840
800; 960
801; 1980
802; 2040
803; 2040
804; 2100
805; 2100
806; 2160
807; 2160
808; 2220
809; 2220
810; 2280
811; 2280
812; 2340
813; 2340
814; 2460
815; 2460
816; 2580
817; 2580
818; 2640
819; 2640
820; 2700
821; 2700
822; 2760
823; 2760
824; 2880
825; 2880
826; 2940
827; 2940
828; 3060
829; 3060
830; 3120
831; 3120
832; 3180
833; 3180
834; 3300
835; 3300
836; 3480
837; 3480
838; 3540
839; 3540
840; 0
841; 60
842; 120
843; 120
844; 180
845; 180
846; 240
847; 240
848; 420
849; 420
850; 480
851; 480
852; 540
853; 540
854; 600
855; 600
856; 660
857; 660
858; 720
859; 720
860; 780
861; 840
862; 900
863; 900
864; 960
865; 960
866; 1020
867; 1020
868; 1140
869; 1140
870; 1260
871; 1260
872; 1320
873; 1320
874; 1440
875; 1440
876; 1560
877; 2580
878; 2640
879; 2640
880; 2700
881; 2700
882; 2760
883; 2760
884; 2820
885; 2820
886; 2880
887; 2880
888; 2940
889; 2940
890; 3060
891; 3060
892; 3180
893; 3180
894; 3240
895; 3240
896; 3300
897; 3300
898; 3360
899; 3360
900; 3480
901; 3480
902; 3540
903; 3540
904; 60
905; 60
906; 120
907; 120
908; 180
909; 180
910; 300
911; 300
912; 480
913; 480
914; 540
915; 540
916; 600
917; 660
918; 720
919; 720
920; 780
921; 780
922; 840
923; 840
924; 1020
925; 1020
926; 1080
927; 1080
928; 1140
929; 1140
930; 1200
931; 1200
932; 1260
933; 1260
934; 1320
935; 1320
936; 1380
937; 1440
938; 1500
939; 1500
940; 1560
941; 1560
942; 1620
943; 1620
944; 1740
945; 1740
946; 1860
947; 1860
948; 1920
949; 1920
950; 2040
951; 2040
952; 2160
953; 3180
954; 3240
955; 3240
956; 3300
957; 3300
958; 3360
959; 3360
960; 3420
961; 3420
962; 3480
963; 3480
964; 3540
965; 3540
966; 60
967; 60
968; 180
969; 180
970; 240
971; 240
972; 300
973; 300
974; 360
975; 360
976; 480
977; 480
978; 540
979; 540
980; 660
981; 660
982; 720
983; 720
984; 780
985; 780
986; 900
987; 900
988; 1080
989; 1080
990; 1140
991; 1140
992; 1200
993; 1260
994; 1320
995; 1320
996; 1380
997; 1380
998; 1440
999; 1440
1000; 1620
1001; 1620
1002; 1680
1003; 1680
1004; 1740
1005; 1740
1006; 1800
1007; 1800
1008; 1860
1009; 1860
1010; 1920
1011; 1920
1012; 1980
1013; 2040
1014; 2100
1015; 2100
1016; 2160
1017; 2160
1018; 2220
1019; 2220
1020; 2340
1021; 2340
1022; 2460
1023; 2460
1024; 2520
1025; 2520
1026; 2640
1027; 2640
1028; 2760
1029; 120
1030; 240
1031; 240
1032; 300
1033; 300
1034; 360
1035; 360
1036; 420
1037; 420
1038; 540
1039; 540
1040; 600
1041; 600
1042; 660
1043; 660
1044; 780
1045; 840
1046; 840
1047; 840
1048; 960
1049; 960
1050; 1020
1051; 1020
1052; 1080
1053; 1080
1054; 1140
1055; 1140
1056; 1200
1057; 1200
1058; 1380
1059; 1380
1060; 1440
1061; 1440
1062; 1560
1063; 1560
1064; 1620
1065; 1680
1066; 1740
1067; 1740
1068; 1860
1069; 1860
1070; 1920
1071; 1920
1072; 2040
1073; 2040
1074; 2100
1075; 2100
1076; 2220
1077; 2220
1078; 2280
1079; 2280
1080; 2340
1081; 2340
1082; 2460
1083; 2460
1084; 2520
1085; 2520
1086; 2580
1087; 2580
1088; 2700
1089; 2700
1090; 2760
1091; 2760
1092; 2880
1093; 2880
1094; 2940
1095; 2940
1096; 3000
1097; 3000
1098; 3060
1099; 3060
1100; 3120
1101; 3120
1102; 3180
1103; 3180
1104; 3240
1105; 720
1106; 840
1107; 840
1108; 900
1109; 900
1110; 960
1111; 960
1112; 1020
1113; 1020
1114; 1140
1115; 1140
1116; 1200
1117; 1200
1118; 1260
1119; 1260
1120; 1380
1121; 1440
1122; 1440
1123; 1440
1124; 1560
1125; 1560
1126; 1620
1127; 1620
1128; 1680
1129; 1680
1130; 1740
1131; 1740
1132; 1800
1133; 1800
1134; 1980
1135; 1980
1136; 2040
1137; 2040
1138; 2160
1139; 2160
1140; 2220
1141; 2280
1142; 2340
1143; 2340
1144; 2460
1145; 2460
1146; 2520
1147; 2520
1148; 2640
1149; 2640
1150; 2700
1151; 2700
1152; 2820
1153; 2820
1154; 2880
1155; 2880
1156; 2940
1157; 2940
1158; 3060
1159; 3060
1160; 3120
1161; 3120
1162; 3180
1163; 3180
1164; 3300
1165; 3300
1166; 3360
1167; 3360
1168; 3480
1169; 3480
1170; 3540
1171; 3540
1172; 0
1173; 0
1174; 60
1175; 60
1176; 120
1177; 120
1178; 180
1179; 180
1180; 240
1181; 1320
1182; 1440
1183; 1440
1184; 1500
1185; 1500
1186; 1560
1187; 1560
1188; 1620
1189; 1620
1190; 1740
1191; 1740
1192; 1800
1193; 1800
1194; 1860
1195; 1860
1196; 1980
1197; 2040
1198; 2040
1199; 2040
1200; 2160
1201; 2160
1202; 2220
1203; 2220
1204; 2280
1205; 2280
1206; 2340
1207; 2340
1208; 2400
1209; 2400
1210; 2580
1211; 2580
1212; 2640
1213; 2640
1214; 2760
1215; 2760
1216; 2820
1217; 2880
1218; 2940
1219; 2940
1220; 3060
1221; 3060
1222; 3120
1223; 3120
1224; 3240
1225; 3240
1226; 3300
1227; 3300
1228; 3420
1229; 3420
1230; 3480
1231; 3480
1232; 3540
1233; 3540
1234; 60
1235; 60
1236; 120
1237; 120
1238; 180
1239; 180
1240; 300
1241; 300
1242; 360
1243; 360
1244; 480
1245; 480
1246; 540
1247; 540
1248; 600
1249; 600
1250; 660
1251; 660
1252; 720
1253; 720
1254; 780
1255; 780
1256; 840
1257; 1920
1258; 2040
1259; 2040
1260; 2100
1261; 2100
1262; 2160
1263; 2160
1264; 2220
1265; 2220
1266; 2340
1267; 2340
1268; 2400
1269; 2400
1270; 2460
1271; 2460
1272; 2580
1273; 2640
1274; 2640
1275; 2640
1276; 2760
1277; 2760
1278; 2820
1279; 2820
1280; 2880
1281; 2880
1282; 2940
1283; 2940
1284; 3000
1285; 3000
1286; 3180
1287; 3180
1288; 3240
1289; 3240
1290; 3360
1291; 3360
1292; 3420
1293; 3480
1294; 3540
1295; 3540
1296; 60
1297; 60
1298; 120
1299; 120
1300; 240
1301; 240
1302; 300
1303; 300
1304; 420
1305; 420
1306; 480
1307; 480
1308; 540
1309; 540
1310; 660
1311; 660
1312; 720
1313; 720
1314; 780
1315; 780
1316; 900
1317; 900
1318; 960
1319; 960
1320; 1080
1321; 1080
1322; 1140
1323; 1140
1324; 1200
1325; 1200
1326; 1260
1327; 1260
1328; 1320
1329; 1320
1330; 1380
1331; 1380
1332; 1440
1333; 2520
1334; 2640
1335; 2640
1336; 2700
1337; 2700
1338; 2760
1339; 2760
1340; 2820
1341; 2820
1342; 2940
1343; 2940
1344; 3000
1345; 3000
1346; 3060
1347; 3060
1348; 3180
1349; 3240
1350; 3240
1351; 3240
1352; 3360
1353; 3360
1354; 3420
1355; 3420
1356; 3480
1357; 3480
1358; 3540
1359; 3540
1360; 0
1361; 0
1362; 180
1363; 180
1364; 240
1365; 240
1366; 360
1367; 360
1368; 420
1369; 480
1370; 540
1371; 540
1372; 660
1373; 660
1374; 720
1375; 720
1376; 840
1377; 840
1378; 900
1379; 900
1380; 1020
1381; 1020
1382; 1080
1383; 1080
1384; 1140
1385; 1140
1386; 1260
1387; 1260
1388; 1320
1389; 1320
1390; 1380
1391; 1380
1392; 1500
1393; 1500
1394; 1560
1395; 1560
1396; 1680
1397; 1680
1398; 1740
1399; 1740
1400; 1800
1401; 1800
1402; 1860
1403; 1860
1404; 1920
1405; 1920
1406; 1980
1407; 1980
1408; 2040
1409; 3120
1410; 3240
1411; 3240
1412; 3300
1413; 3300
1414; 3360
1415; 3360
1416; 3420
1417; 3420
1418; 3540
1419; 3540
1420; 0
1421; 0
1422; 60
1423; 60
1424; 180
1425; 240
1426; 240
1427; 240
1428; 360
1429; 360
1430; 420
1431; 420
1432; 480
1433; 480
1434; 540
1435; 540
1436; 600
1437; 600
1438; 780
1439; 780
1440; 840
1441; 840
1442; 960
1443; 960
1444; 1020
1445; 1080
1446; 1140
1447; 1140
1448; 1260
1449; 1260
1450; 1320
1451; 1320
1452; 1440
1453; 1440
1454; 1500
1455; 1500
1456; 1620
1457; 1620
1458; 1680
1459; 1680
1460; 1740
1461; 1740
1462; 1860
1463; 1860
1464; 1920
1465; 1920
1466; 1980
1467; 1980
1468; 2100
1469; 2100
1470; 2160
1471; 2160
1472; 2280
1473; 2280
1474; 2340
1475; 2340
1476; 2400
1477; 2400
1478; 2460
1479; 2460
1480; 2520
1481; 2520
1482; 2580
1483; 2580
1484; 2640
1485; 120
1486; 180
1487; 180
1488; 240
1489; 240
1490; 300
1491; 300
1492; 360
1493; 360
1494; 420
1495; 420
1496; 540
1497; 540
1498; 600
1499; 600
1500; 720
1501; 720
1502; 780
1503; 780
1504; 840
1505; 840
1506; 960
1507; 960
1508; 1020
1509; 1020
1510; 1080
1511; 1080
1512; 1200
1513; 1200
1514; 1320
1515; 1320
1516; 1380
1517; 1380
1518; 1440
1519; 1440
1520; 1560
1521; 1560
1522; 1740
1523; 1740
1524; 1800
1525; 1800
1526; 1920
1527; 1920
1528; 1980
1529; 1980
1530; 2100
1531; 2100
1532; 2100
1533; 2100
1534; 2160
1535; 2160
1536; 2340
1537; 2340
1538; 2400
1539; 2400
1540; 2460
1541; 2460
1542; 2520
1543; 720
1544; 780
1545; 780
1546; 840
1547; 840
1548; 900
1549; 900
1550; 960
1551; 960
1552; 1020
1553; 1020
1554; 1140
1555; 1140
1556; 1200
1557; 1200
1558; 1320
1559; 1320
1560; 1380
1561; 1380
1562; 1440
1563; 1440
1564; 1560
1565; 1560
1566; 1620
1567; 1620
1568; 1680
1569; 1680
1570; 1800
1571; 1800
1572; 1920
1573; 1920
1574; 1980
1575; 1980
1576; 2040
1577; 2040
1578; 2160
1579; 2160
1580; 2340
1581; 2340
1582; 2400
1583; 2400
1584; 2520
1585; 2520
1586; 2580
1587; 2580
1588; 2700
1589; 2700
1590; 2700
1591; 2700
1592; 2760
1593; 2760
1594; 2940
1595; 2940
1596; 3000
1597; 3000
1598; 3060
1599; 3060
1600; 3120
1601; 1320
1602; 1380
1603; 1380
1604; 1440
1605; 1440
1606; 1500
1607; 1500
1608; 1560
1609; 1560
1610; 1620
1611; 1620
1612; 1740
1613; 1740
1614; 1800
1615; 1800
1616; 1920
1617; 1920
1618; 1980
1619; 1980
1620; 2040
1621; 2040
1622; 2160
1623; 2160
1624; 2220
1625; 2220
1626; 2280
1627; 2280
1628; 2400
1629; 2400
1630; 2520
1631; 2520
1632; 2580
1633; 2580
1634; 2640
1635; 2640
1636; 2760
1637; 2760
1638; 2940
1639; 2940
1640; 3000
1641; 3000
1642; 3120
1643; 3120
1644; 3180
1645; 3180
1646; 3300
1647; 3300
1648; 3300
1649; 3300
1650; 3360
1651; 3360
1652; 3540
1653; 3540
1654; 0
1655; 0
1656; 60
1657; 60
1658; 120
1659; 1920
1660; 1980
1661; 1980
1662; 2040
1663; 2040
1664; 2100
1665; 2100
1666; 2160
1667; 2160
1668; 2220
1669; 2220
1670; 2340
1671; 2340
1672; 2400
1673; 2400
1674; 2520
1675; 2520
1676; 2580
1677; 2580
1678; 2640
1679; 2640
1680; 2760
1681; 2760
1682; 2820
1683; 2820
1684; 2880
1685; 2880
1686; 3000
1687; 3000
1688; 3120
1689; 3120
1690; 3180
1691; 3180
1692; 3240
1693; 3240
1694; 3360
1695; 3360
1696; 3540
1697; 3540
1698; 0
1699; 0
1700; 120
1701; 120
1702; 180
1703; 180
1704; 300
1705; 300
1706; 300
1707; 300
1708; 360
1709; 360
1710; 540
1711; 540
1712; 600
1713; 600
1714; 660
1715; 660
1716; 720
1717; 2520
1718; 2580
1719; 2580
1720; 2640
1721; 2640
1722; 2700
1723; 2700
1724; 2760
1725; 2760
1726; 2820
1727; 2820
1728; 2940
1729; 2940
1730; 3000
1731; 3000
1732; 3120
1733; 3120
1734; 3180
1735; 3180
1736; 3240
1737; 3240
1738; 3360
1739; 3360
1740; 3420
1741; 3420
1742; 3480
1743; 3480
1744; 0
1745; 0
1746; 120
1747; 120
1748; 180
1749; 180
1750; 240
1751; 240
1752; 360
1753; 360
1754; 540
1755; 540
1756; 600
1757; 600
1758; 720
1759; 720
1760; 780
1761; 780
1762; 900
1763; 900
1764; 900
1765; 900
1766; 960
1767; 960
1768; 1140
1769; 1140
1770; 1200
1771; 1200
1772; 1260
1773; 1260
1774; 1320
1775; 3120
1776; 3180
1777; 3180
1778; 3240
1779; 3240
1780; 3300
1781; 3300
1782; 3360
1783; 3360
1784; 3420
1785; 3420
1786; 3540
1787; 3540
1788; 0
1789; 0
1790; 120
1791; 120
1792; 180
1793; 180
1794; 240
1795; 240
1796; 360
1797; 360
1798; 420
1799; 420
1800; 480
1801; 480
1802; 600
1803; 600
1804; 720
1805; 720
1806; 780
1807; 780
1808; 840
1809; 840
1810; 960
1811; 960
1812; 1140
1813; 1140
1814; 1200
1815; 1200
1816; 1320
1817; 1320
1818; 1380
1819; 1380
1820; 1500
1821; 1500
1822; 1500
1823; 1500
1824; 1560
1825; 1560
1826; 1740
1827; 1740
1828; 1800
1829; 1800
1830; 1860
1831; 1860
1832; 1920
1833; 420
1834; 480
1835; 480
1836; 540
1837; 540
1838; 600
1839; 600
1840; 780
1841; 780
1842; 840
1843; 840
1844; 840
1845; 840
1846; 960
1847; 960
1848; 1020
1849; 1020
1850; 1140
1851; 1140
1852; 1200
1853; 1200
1854; 1380
1855; 1380
1856; 1500
1857; 1500
1858; 1560
1859; 1560
1860; 1620
1861; 1620
1862; 1740
1863; 1740
1864; 1860
1865; 1860
1866; 1920
1867; 1920
1868; 1980
1869; 1980
1870; 2100
1871; 2100
1872; 2160
1873; 2160
1874; 2220
1875; 2220
1876; 2340
1877; 2340
1878; 2400
1879; 2400
1880; 2520
1881; 2520
1882; 2580
1883; 2580
1884; 2640
1885; 2640
1886; 2700
1887; 2700
1888; 2760
1889; 2760
1890; 2820
1891; 1020
1892; 1080
1893; 1080
1894; 1140
1895; 1140
1896; 1200
1897; 1200
1898; 1380
1899; 1380
1900; 1440
1901; 1440
1902; 1440
1903; 1440
1904; 1560
1905; 1560
1906; 1620
1907; 1620
1908; 1740
1909; 1740
1910; 1800
1911; 1800
1912; 1980
1913; 1980
1914; 2100
1915; 2100
1916; 2160
1917; 2160
1918; 2220
1919; 2220
1920; 2340
1921; 2340
1922; 2460
1923; 2460
1924; 2520
1925; 2520
1926; 2580
1927; 2580
1928; 2700
1929; 2700
1930; 2760
1931; 2760
1932; 2820
1933; 2820
1934; 2940
1935; 2940
1936; 3000
1937; 3000
1938; 3120
1939; 3120
1940; 3180
1941; 3180
1942; 3240
1943; 3240
1944; 3300
1945; 3300
1946; 3360
1947; 3360
1948; 3420
1949; 1620
1950; 1680
1951; 1680
1952; 1740
1953; 1740
1954; 1800
1955; 1800
1956; 1980
1957; 1980
1958; 2040
1959; 2040
1960; 2040
1961; 2040
1962; 2160
1963; 2160
1964; 2220
1965; 2220
1966; 2340
1967; 2340
1968; 2400
1969; 2400
1970; 2580
1971; 2580
1972; 2700
1973; 2700
1974; 2760
1975; 2760
1976; 2820
1977; 2820
1978; 2940
1979; 2940
1980; 3060
1981; 3060
1982; 3120
1983; 3120
1984; 3180
1985; 3180
1986; 3300
1987; 3300
1988; 3360
1989; 3360
1990; 3420
1991; 3420
1992; 3540
1993; 3540
1994; 0
1995; 0
1996; 120
1997; 120
1998; 180
1999; 180
2000; 240
2001; 240
2002; 300
2003; 300
2004; 360
2005; 360
2006; 420
2007; 2220
2008; 2280
2009; 2280
2010; 2340
2011; 2340
2012; 2400
2013; 2400
2014; 2580
2015; 2580
2016; 2640
2017; 2640
2018; 2640
2019; 2640
2020; 2760
2021; 2760
2022; 2820
2023; 2820
2024; 2940
2025; 2940
2026; 3000
2027; 3000
2028; 3180
2029; 3180
2030; 3300
2031; 3300
2032; 3360
2033; 3360
2034; 3420
2035; 3420
2036; 3540
2037; 3540
2038; 60
2039; 60
2040; 120
2041; 120
2042; 180
2043; 180
2044; 300
2045; 300
2046; 360
2047; 360
2048; 420
2049; 420
2050; 540
2051; 540
2052; 600
2053; 600
2054; 720
2055; 720
2056; 780
2057; 780
2058; 840
2059; 840
2060; 900
2061; 900
2062; 960
2063; 960
2064; 1020
2065; 2820
2066; 2880
2067; 2880
2068; 2940
2069; 2940
2070; 3000
2071; 3000
2072; 3180
2073; 3180
2074; 3240
2075; 3240
2076; 3240
2077; 3240
2078; 3360
2079; 3360
2080; 3420
2081; 3420
2082; 3540
2083; 3540
2084; 0
2085; 0
2086; 180
2087; 180
2088; 300
2089; 300
2090; 360
2091; 360
2092; 420
2093; 420
2094; 540
2095; 540
2096; 660
2097; 660
2098; 720
2099; 720
2100; 780
2101; 780
2102; 900
2103; 900
2104; 960
2105; 960
2106; 1020
2107; 1020
2108; 1140
2109; 1140
2110; 1200
2111; 1200
2112; 1320
2113; 1320
2114; 1380
2115; 1380
2116; 1440
2117; 1440
2118; 1500
2119; 1500
2120; 1560
2121; 1560
2122; 1620
2123; 3420
2124; 3480
2125; 3480
2126; 3540
2127; 3540
2128; 0
2129; 0
2130; 180
2131; 180
2132; 240
2133; 240
2134; 240
2135; 240
2136; 360
2137; 360
2138; 420
2139; 420
2140; 540
2141; 540
2142; 600
2143; 600
2144; 780
2145; 780
2146; 900
2147; 900
2148; 960
2149; 960
2150; 1020
2151; 1020
2152; 1140
2153; 1140
2154; 1260
2155; 1260
2156; 1320
2157; 1320
2158; 1380
2159; 1380
2160; 1500
2161; 1500
2162; 1560
2163; 1560
2164; 1620
2165; 1620
2166; 1740
2167; 1740
2168; 1800
2169; 1800
2170; 1920
2171; 1920
2172; 1980
2173; 1980
2174; 2040
2175; 2040
2176; 2100
2177; 2100
2178; 2160
2179; 2160
2180; 2220
