# event-id; time
1; 0
2; 72
3; 252
4; 324
5; 344
6; 416
7; 595
8; 667
9; 687
10; 759
11; 779
12; 851
13; 871
14; 943
15; 963
16; 1035
17; 1055
18; 1159
19; 1183
20; 1291
21; 1471
22; 1575
23; 1600
24; 1672
25; 1852
26; 1960
27; 2140
28; 2248
29; 2360
30; 2450
31; 2470
32; 2560
33; 2580
34; 2670
35; 2690
36; 2780
37; 2800
38; 2872
39; 2892
40; 2964
41; 2984
42; 3056
43; 3236
44; 3344
45; 3505
46; 3595
47; 15
48; 105
49; 125
50; 215
51; 235
52; 325
53; 345
54; 417
55; 437
56; 509
57; 529
58; 601
59; 621
60; 693
61; 713
62; 785
63; 805
64; 877
65; 897
66; 969
67; 989
68; 1061
69; 1241
70; 1331
71; 1351
72; 1441
73; 1461
74; 1551
75; 1571
76; 1661
77; 1784
78; 1874
79; 1894
80; 1984
81; 2004
82; 2094
83; 2114
84; 2204
85; 2224
86; 2296
87; 2452
88; 2524
89; 1800
90; 1872
91; 2052
92; 2124
93; 2144
94; 2216
95; 2395
96; 2467
97; 2487
98; 2559
99; 2579
100; 2651
101; 2671
102; 2743
103; 2763
104; 2835
105; 2855
106; 2927
107; 2983
108; 3091
109; 3271
110; 3343
111; 3400
112; 3472
113; 52
114; 160
115; 340
116; 412
117; 560
118; 650
119; 670
120; 760
121; 780
122; 870
123; 890
124; 980
125; 1000
126; 1072
127; 1092
128; 1164
129; 1184
130; 1256
131; 1436
132; 1544
133; 1705
134; 1795
135; 1815
136; 1905
137; 1925
138; 2015
139; 2035
140; 2125
141; 2145
142; 2217
143; 2237
144; 2309
145; 2329
146; 2401
147; 2421
148; 2493
149; 2513
150; 2585
151; 2605
152; 2677
153; 2697
154; 2769
155; 2789
156; 2861
157; 3041
158; 3131
159; 3151
160; 3241
161; 3261
162; 3351
163; 3371
164; 3461
165; 3584
166; 74
167; 94
168; 184
169; 204
170; 294
171; 314
172; 404
173; 424
174; 496
175; 652
176; 724
177; 796
178; 904
179; 1084
180; 1156
181; 1176
182; 1266
183; 1286
184; 1376
185; 1396
186; 1486
187; 1506
188; 1596
189; 1616
190; 1706
191; 1726
192; 1816
193; 1836
194; 1926
195; 1946
196; 2036
197; 2056
198; 2128
199; 2148
200; 2220
201; 2240
202; 2312
203; 2332
204; 2404
205; 2424
206; 2496
207; 2516
208; 2588
209; 2608
210; 2680
211; 2700
212; 2808
213; 2828
214; 2918
215; 2938
216; 3028
217; 3150
218; 3285
219; 3465
220; 0
221; 20
222; 128
223; 308
224; 380
225; 400
226; 472
227; 492
228; 564
229; 584
230; 674
231; 694
232; 784
233; 804
234; 894
235; 914
236; 1004
237; 1024
238; 1096
239; 1116
240; 1188
241; 1208
242; 1280
243; 1460
244; 1532
245; 1552
246; 1624
247; 1644
248; 1716
249; 1736
250; 1808
251; 1828
252; 1900
253; 1920
254; 1992
255; 2012
256; 2084
257; 2104
258; 2176
259; 2196
260; 2268
261; 2288
262; 2360
263; 2380
264; 2488
265; 2596
266; 2704
267; 2884
268; 2956
269; 2976
270; 3066
271; 3086
272; 3176
273; 3196
274; 3286
275; 3306
276; 3396
277; 3416
278; 3506
279; 3526
280; 16
281; 36
282; 126
283; 146
284; 236
285; 256
286; 328
287; 348
288; 420
289; 440
290; 512
291; 532
292; 604
293; 624
294; 696
295; 716
296; 788
297; 808
298; 880
299; 900
300; 1008
301; 1028
302; 1118
303; 1138
304; 1273
305; 1350
306; 1485
307; 1665
308; 1800
309; 1820
310; 1928
311; 2108
312; 2180
313; 2200
314; 2272
315; 2292
316; 2364
317; 2384
318; 2474
319; 2494
320; 2584
321; 2604
322; 2694
323; 2714
324; 2804
325; 2824
326; 2896
327; 2916
328; 2988
329; 3008
330; 3080
331; 3260
332; 3332
333; 3352
334; 3424
335; 3444
336; 3516
337; 3536
338; 8
339; 28
340; 100
341; 120
342; 192
343; 212
344; 284
345; 304
346; 376
347; 396
348; 468
349; 488
350; 560
351; 580
352; 652
353; 1953
354; 2061
355; 2241
356; 2313
357; 2333
358; 2405
359; 2585
360; 2657
361; 2677
362; 2749
363; 2769
364; 2841
365; 2861
366; 2951
367; 2971
368; 3061
369; 3081
370; 3171
371; 3191
372; 3281
373; 3301
374; 3391
375; 3411
376; 3501
377; 3521
378; 11
379; 31
380; 121
381; 141
382; 231
383; 251
384; 341
385; 361
386; 433
387; 612
388; 684
389; 704
390; 794
391; 814
392; 904
393; 924
394; 1014
395; 1034
396; 1124
397; 1144
398; 1216
399; 1236
400; 1308
401; 1328
402; 1400
403; 1420
404; 1492
405; 1512
406; 1584
407; 1604
408; 1676
409; 1696
410; 1768
411; 1788
412; 1860
413; 1880
414; 1952
415; 1972
416; 2044
417; 153
418; 261
419; 441
420; 513
421; 533
422; 605
423; 785
424; 857
425; 877
426; 949
427; 969
428; 1041
429; 1061
430; 1151
431; 1171
432; 1261
433; 1281
434; 1371
435; 1391
436; 1481
437; 1501
438; 1591
439; 1611
440; 1701
441; 1721
442; 1811
443; 1831
444; 1921
445; 1941
446; 2031
447; 2051
448; 2141
449; 2161
450; 2233
451; 2412
452; 2484
453; 2504
454; 2594
455; 2614
456; 2704
457; 2724
458; 2814
459; 2834
460; 2924
461; 2944
462; 3016
463; 3036
464; 3108
465; 3128
466; 3200
467; 3220
468; 3292
469; 3312
470; 3384
471; 3404
472; 3476
473; 3496
474; 3568
475; 3588
476; 60
477; 80
478; 152
479; 172
480; 244
481; 312
482; 384
483; 404
484; 476
485; 496
486; 568
487; 588
488; 660
489; 680
490; 752
491; 772
492; 844
493; 864
494; 936
495; 956
496; 1028
497; 1048
498; 1120
499; 1140
500; 1212
501; 1232
502; 1322
503; 1342
504; 1432
505; 1452
506; 1542
507; 1562
508; 1652
509; 1672
510; 1744
511; 1764
512; 1836
513; 1856
514; 1946
515; 1966
516; 2056
517; 2076
518; 2166
519; 2186
520; 2276
521; 2296
522; 2386
523; 2406
524; 2496
525; 2516
526; 2606
527; 2626
528; 2716
529; 2736
530; 2826
531; 2846
532; 2936
533; 2956
534; 3028
535; 3048
536; 3120
537; 3140
538; 3212
539; 3232
540; 3304
541; 3324
542; 3396
543; 3416
544; 3488
545; 2112
546; 2184
547; 2204
548; 2276
549; 2296
550; 2368
551; 2388
552; 2460
553; 2480
554; 2552
555; 2572
556; 2644
557; 2664
558; 2736
559; 2756
560; 2828
561; 2848
562; 2920
563; 2940
564; 3012
565; 3032
566; 3122
567; 3142
568; 3232
569; 3252
570; 3342
571; 3362
572; 3452
573; 3472
574; 3544
575; 3564
576; 36
577; 56
578; 146
579; 166
580; 256
581; 276
582; 366
583; 386
584; 476
585; 496
586; 586
587; 606
588; 696
589; 716
590; 806
591; 826
592; 916
593; 936
594; 1026
595; 1046
596; 1136
597; 1156
598; 1228
599; 1248
600; 1320
601; 1340
602; 1412
603; 1432
604; 1504
605; 1524
606; 1596
607; 1616
608; 1724
609; 2740
610; 2812
611; 2992
612; 3064
613; 3084
614; 3156
615; 3176
616; 3248
617; 3360
618; 3432
619; 3588
620; 60
621; 80
622; 170
623; 190
624; 280
625; 300
626; 390
627; 410
628; 500
629; 520
630; 592
631; 612
632; 684
633; 704
634; 776
635; 796
636; 868
637; 888
638; 978
639; 998
640; 1088
641; 1108
642; 1198
643; 1218
644; 1308
645; 1328
646; 1400
647; 1420
648; 1492
649; 1512
650; 1584
651; 1604
652; 1676
653; 1696
654; 1768
655; 1788
656; 1860
657; 1880
658; 1952
659; 1972
660; 2044
661; 2064
662; 2154
663; 2174
664; 2264
665; 2284
666; 2374
667; 2394
668; 2484
669; 2504
670; 2594
671; 2614
672; 2704
673; 212
674; 302
675; 322
676; 412
677; 432
678; 522
679; 542
680; 632
681; 652
682; 742
683; 762
684; 852
685; 872
686; 944
687; 964
688; 1036
689; 1056
690; 1128
691; 1148
692; 1220
693; 1240
694; 1312
695; 1332
696; 1404
697; 1424
698; 1496
699; 1516
700; 1588
701; 1608
702; 1698
703; 1718
704; 1808
705; 1828
706; 1918
707; 1938
708; 2028
709; 2048
710; 2120
711; 2140
712; 2212
713; 2232
714; 2304
715; 2324
716; 2396
717; 2416
718; 2506
719; 2526
720; 2616
721; 2796
722; 2886
723; 2906
724; 2996
725; 3016
726; 3088
727; 3268
728; 3340
729; 3360
730; 3432
731; 3452
732; 3524
733; 3544
734; 16
735; 196
736; 268
737; 1799
738; 1871
739; 1891
740; 1963
741; 2021
742; 2111
743; 2131
744; 2221
745; 2241
746; 2331
747; 2351
748; 2441
749; 2461
750; 2533
751; 2713
752; 2821
753; 3001
754; 3109
755; 3289
756; 3389
757; 3569
758; 59
759; 79
760; 169
761; 189
762; 279
763; 299
764; 389
765; 409
766; 481
767; 501
768; 573
769; 593
770; 665
771; 685
772; 757
773; 777
774; 912
775; 932
776; 1022
777; 1042
778; 1177
779; 1357
780; 1492
781; 1672
782; 1807
783; 1827
784; 1917
785; 1937
786; 2027
787; 2047
788; 2137
789; 2315
790; 2450
791; 2470
792; 2560
793; 3140
794; 3230
795; 3250
796; 3340
797; 3360
798; 3450
799; 3470
800; 3560
801; 3580
802; 70
803; 90
804; 180
805; 200
806; 290
807; 310
808; 400
809; 420
810; 510
811; 530
812; 620
813; 640
814; 712
815; 892
816; 964
817; 984
818; 1056
819; 1076
820; 1148
821; 1168
822; 1258
823; 1278
824; 1368
825; 1388
826; 1478
827; 1498
828; 1589
829; 1769
830; 1841
831; 1861
832; 1933
833; 1953
834; 2025
835; 2045
836; 2117
837; 2137
838; 2227
839; 2247
840; 2337
841; 2357
842; 2447
843; 2467
844; 2557
845; 2577
846; 2649
847; 2669
848; 2741
849; 1472
850; 1544
851; 1564
852; 1636
853; 1656
854; 1728
855; 1748
856; 1820
857; 1840
858; 1912
859; 1932
860; 2004
861; 2024
862; 2096
863; 2116
864; 2188
865; 2208
866; 2280
867; 2300
868; 2372
869; 2392
870; 2482
871; 2502
872; 2592
873; 2612
874; 2702
875; 2722
876; 2812
877; 2832
878; 2904
879; 2924
880; 2996
881; 3016
882; 3106
883; 3126
884; 3216
885; 3236
886; 3326
887; 3346
888; 3436
889; 3456
890; 3546
891; 3566
892; 56
893; 76
894; 166
895; 186
896; 276
897; 296
898; 386
899; 406
900; 496
901; 516
902; 606
903; 626
904; 716
905; 432
906; 522
907; 542
908; 632
909; 652
910; 742
911; 762
912; 852
913; 872
914; 962
915; 982
916; 1072
917; 1092
918; 1182
919; 1202
920; 1292
921; 1312
922; 1402
923; 1422
924; 1512
925; 1532
926; 1622
927; 1642
928; 1732
929; 1752
930; 1824
931; 1844
932; 1916
933; 1936
934; 2026
935; 2046
936; 2136
937; 2156
938; 2246
939; 2266
940; 2356
941; 2376
942; 2448
943; 2468
944; 2540
945; 2560
946; 2632
947; 2652
948; 2724
949; 2744
950; 2816
951; 2836
952; 2908
953; 2928
954; 3000
955; 3020
956; 3092
957; 3112
958; 3184
959; 3204
960; 3276
961; 880
962; 952
963; 1005
964; 1077
965; 1097
966; 1187
967; 1207
968; 1297
969; 1317
970; 1407
971; 1427
972; 1517
973; 1537
974; 1609
975; 1629
976; 1701
977; 1721
978; 1793
979; 1840
980; 1912
981; 1976
982; 2066
983; 2086
984; 2176
985; 2196
986; 2286
987; 2306
988; 2396
989; 2416
990; 2488
991; 2508
992; 2580
993; 2600
994; 2672
995; 2692
996; 2764
997; 2784
998; 2856
999; 2876
1000; 2948
1001; 2968
1002; 3040
1003; 3060
1004; 3132
1005; 3152
1006; 3242
1007; 3262
1008; 3352
1009; 3372
1010; 3462
1011; 3482
1012; 3572
1013; 3592
1014; 64
1015; 244
1016; 352
1017; 2080
1018; 2185
1019; 2205
1020; 2277
1021; 2297
1022; 2387
1023; 2407
1024; 2497
1025; 2517
1026; 2607
1027; 2627
1028; 2717
1029; 2737
1030; 2809
1031; 2829
1032; 2901
1033; 2921
1034; 2993
1035; 3040
1036; 3148
1037; 3176
1038; 3266
1039; 3286
1040; 3376
1041; 3396
1042; 3486
1043; 3506
1044; 3596
1045; 16
1046; 88
1047; 108
1048; 180
1049; 200
1050; 272
1051; 292
1052; 364
1053; 384
1054; 456
1055; 476
1056; 548
1057; 568
1058; 640
1059; 660
1060; 732
1061; 752
1062; 842
1063; 862
1064; 952
1065; 972
1066; 1062
1067; 1082
1068; 1172
1069; 1192
1070; 1264
1071; 1444
1072; 1516
1073; 3280
1074; 3352
1075; 3405
1076; 3477
1077; 3497
1078; 3587
1079; 7
1080; 97
1081; 117
1082; 207
1083; 227
1084; 317
1085; 337
1086; 409
1087; 429
1088; 501
1089; 521
1090; 593
1091; 640
1092; 712
1093; 776
1094; 866
1095; 886
1096; 976
1097; 996
1098; 1086
1099; 1106
1100; 1196
1101; 1216
1102; 1288
1103; 1308
1104; 1380
1105; 1400
1106; 1472
1107; 1492
1108; 1564
1109; 1584
1110; 1656
1111; 1676
1112; 1748
1113; 1768
1114; 1840
1115; 1860
1116; 1932
1117; 1952
1118; 2042
1119; 2062
1120; 2152
1121; 2172
1122; 2262
1123; 2282
1124; 2372
1125; 2392
1126; 2464
1127; 2644
1128; 2716
1129; 246
1130; 318
1131; 338
1132; 410
1133; 430
1134; 520
1135; 540
1136; 630
1137; 650
1138; 740
1139; 760
1140; 850
1141; 872
1142; 944
1143; 964
1144; 1072
1145; 1252
1146; 1324
1147; 1504
1148; 1576
1149; 1596
1150; 1668
1151; 1764
1152; 1836
1153; 1856
1154; 1928
1155; 1948
1156; 2020
1157; 2040
1158; 2130
1159; 2158
1160; 2248
1161; 2268
1162; 2358
1163; 2378
1164; 2513
1165; 2533
1166; 2605
1167; 2625
1168; 2697
1169; 2717
1170; 2789
1171; 2809
1172; 2881
1173; 2901
1174; 2991
1175; 3011
1176; 3101
1177; 3121
1178; 3211
1179; 3231
1180; 3321
1181; 3341
1182; 3413
1183; 3477
1184; 3549
1185; 1446
1186; 1518
1187; 1538
1188; 1610
1189; 1630
1190; 1720
1191; 1740
1192; 1830
1193; 1850
1194; 1940
1195; 1960
1196; 2050
1197; 2072
1198; 2144
1199; 2164
1200; 2272
1201; 2452
1202; 2524
1203; 2704
1204; 2776
1205; 2796
1206; 2868
1207; 2964
1208; 3036
1209; 3056
1210; 3128
1211; 3148
1212; 3220
1213; 3240
1214; 3338
1215; 3358
1216; 3448
1217; 3468
1218; 3558
1219; 3578
1220; 113
1221; 133
1222; 205
1223; 225
1224; 297
1225; 317
1226; 389
1227; 409
1228; 481
1229; 501
1230; 591
1231; 611
1232; 701
1233; 721
1234; 811
1235; 831
1236; 921
1237; 941
1238; 1013
1239; 1077
1240; 1185
1241; 2646
1242; 2718
1243; 2738
1244; 2810
1245; 2830
1246; 2920
1247; 2940
1248; 3030
1249; 3050
1250; 3140
1251; 3160
1252; 3250
1253; 3272
1254; 3344
1255; 3364
1256; 3472
1257; 52
1258; 124
1259; 304
1260; 376
1261; 396
1262; 468
1263; 564
1264; 636
1265; 656
1266; 728
1267; 748
1268; 820
1269; 840
1270; 930
1271; 958
1272; 1048
1273; 1068
1274; 1158
1275; 1178
1276; 1268
1277; 1333
1278; 1405
1279; 1425
1280; 1497
1281; 1517
1282; 1589
1283; 1609
1284; 1681
1285; 1701
1286; 1791
1287; 1811
1288; 1901
1289; 1921
1290; 2011
1291; 2031
1292; 2121
1293; 2141
1294; 2213
1295; 2277
1296; 2349
1297; 1216
1298; 1288
1299; 1308
1300; 1380
1301; 1400
1302; 1472
1303; 1492
1304; 1564
1305; 1584
1306; 1656
1307; 1676
1308; 1748
1309; 1768
1310; 1840
1311; 1860
1312; 1932
1313; 1952
1314; 2024
1315; 2044
1316; 2116
1317; 2136
1318; 2208
1319; 2228
1320; 2300
1321; 2320
1322; 2392
1323; 2412
1324; 2484
1325; 2504
1326; 2594
1327; 2614
1328; 2704
1329; 2724
1330; 2814
1331; 2834
1332; 2924
1333; 2944
1334; 3034
1335; 3054
1336; 3144
1337; 3164
1338; 3254
1339; 3274
1340; 3364
1341; 3384
1342; 3474
1343; 3494
1344; 3584
1345; 2372
1346; 2462
1347; 2482
1348; 2572
1349; 2592
1350; 2682
1351; 2702
1352; 2792
1353; 2812
1354; 2902
1355; 2922
1356; 3012
1357; 3032
1358; 3122
1359; 3142
1360; 3232
1361; 3252
1362; 3342
1363; 3362
1364; 3452
1365; 3472
1366; 3544
1367; 3564
1368; 36
1369; 56
1370; 128
1371; 148
1372; 220
1373; 240
1374; 312
1375; 332
1376; 404
1377; 424
1378; 496
1379; 516
1380; 588
1381; 608
1382; 680
1383; 700
1384; 772
1385; 792
1386; 864
1387; 884
1388; 956
1389; 976
1390; 1048
1391; 1068
1392; 1140
1393; 3280
1394; 3356
1395; 3376
1396; 3448
1397; 3468
1398; 3558
1399; 30
1400; 120
1401; 140
1402; 230
1403; 250
1404; 340
1405; 360
1406; 432
1407; 452
1408; 524
1409; 544
1410; 616
1411; 796
1412; 868
1413; 888
1414; 978
1415; 998
1416; 1088
1417; 1108
1418; 1198
1419; 1218
1420; 1308
1421; 1328
1422; 1400
1423; 1420
1424; 1492
1425; 1512
1426; 1584
1427; 1604
1428; 1676
1429; 1696
1430; 1768
1431; 1788
1432; 1860
1433; 1880
1434; 1952
1435; 1972
1436; 2044
1437; 2064
1438; 2136
1439; 2156
1440; 2228
1441; 895
1442; 1003
1443; 1183
1444; 1255
1445; 1401
1446; 1473
1447; 1493
1448; 1565
1449; 1585
1450; 1657
1451; 1677
1452; 1749
1453; 1769
1454; 1841
1455; 1861
1456; 1933
1457; 1953
1458; 2025
1459; 2045
1460; 2117
1461; 2137
1462; 2227
1463; 2247
1464; 2337
1465; 2357
1466; 2447
1467; 2467
1468; 2557
1469; 2577
1470; 2649
1471; 2669
1472; 2741
1473; 2761
1474; 2833
1475; 2853
1476; 2925
1477; 2945
1478; 3035
1479; 3055
1480; 3145
1481; 3165
1482; 3255
1483; 3275
1484; 3365
1485; 3385
1486; 3457
1487; 3477
1488; 3549
1489; 3428
1490; 3518
1491; 3538
1492; 28
1493; 48
1494; 138
1495; 158
1496; 248
1497; 268
1498; 358
1499; 378
1500; 468
1501; 488
1502; 578
1503; 598
1504; 688
1505; 708
1506; 798
1507; 818
1508; 908
1509; 928
1510; 1018
1511; 1038
1512; 1128
1513; 1148
1514; 1238
1515; 1258
1516; 1348
1517; 1368
1518; 1476
1519; 1656
1520; 1764
1521; 1944
1522; 2016
1523; 2036
1524; 2108
1525; 2128
1526; 2200
1527; 2380
1528; 2488
1529; 1825
1530; 1897
1531; 1917
1532; 1989
1533; 2009
1534; 2081
1535; 2101
1536; 2173
1537; 2193
1538; 2265
1539; 2285
1540; 2357
1541; 2377
1542; 2467
1543; 2487
1544; 2577
1545; 2597
1546; 2687
1547; 2707
1548; 2797
1549; 2817
1550; 2907
1551; 2927
1552; 3017
1553; 3037
1554; 3127
1555; 3147
1556; 3237
1557; 3257
1558; 3347
1559; 3367
1560; 3457
1561; 3477
1562; 3567
1563; 3587
1564; 77
1565; 97
1566; 187
1567; 207
1568; 297
1569; 3080
1570; 3152
1571; 3172
1572; 3244
1573; 3264
1574; 3336
1575; 3356
1576; 3428
1577; 3448
1578; 3520
1579; 3540
1580; 12
1581; 32
1582; 104
1583; 124
1584; 196
1585; 216
1586; 288
1587; 308
1588; 380
1589; 400
1590; 490
1591; 510
1592; 600
1593; 620
1594; 710
1595; 730
1596; 820
1597; 840
1598; 930
1599; 950
1600; 1040
1601; 1060
1602; 1150
1603; 1170
1604; 1260
1605; 1280
1606; 1352
1607; 1372
1608; 1444
1609; 2553
1610; 2625
1611; 2645
1612; 2717
1613; 2737
1614; 2827
1615; 2847
1616; 2937
1617; 2957
1618; 3047
1619; 3067
1620; 3157
1621; 3177
1622; 3267
1623; 3287
1624; 3377
1625; 3397
1626; 3487
1627; 3507
1628; 3597
1629; 17
1630; 89
1631; 109
1632; 181
1633; 201
1634; 273
1635; 293
1636; 365
1637; 385
1638; 457
1639; 477
1640; 549
1641; 569
1642; 641
1643; 661
1644; 733
1645; 753
1646; 825
1647; 1005
1648; 1113
1649; 1544
1650; 1616
1651; 1636
1652; 1708
1653; 1728
1654; 1818
1655; 1838
1656; 1928
1657; 1948
1658; 2038
1659; 2058
1660; 2148
1661; 2168
1662; 2240
1663; 2260
1664; 2332
1665; 2352
1666; 2424
1667; 2445
1668; 2517
1669; 2537
1670; 2627
1671; 2647
1672; 2737
1673; 2757
1674; 2847
1675; 2867
1676; 2957
1677; 2977
1678; 3049
1679; 3069
1680; 3141
1681; 3161
1682; 3233
1683; 3253
1684; 3325
1685; 3345
1686; 3417
1687; 3437
1688; 3545
1689; 3344
1690; 3416
1691; 3436
1692; 3508
1693; 3528
1694; 18
1695; 38
1696; 128
1697; 148
1698; 238
1699; 258
1700; 348
1701; 368
1702; 440
1703; 460
1704; 532
1705; 552
1706; 624
1707; 645
1708; 717
1709; 737
1710; 827
1711; 847
1712; 937
1713; 957
1714; 1047
1715; 1067
1716; 1157
1717; 1177
1718; 1249
1719; 1269
1720; 1341
1721; 1361
1722; 1433
1723; 1453
1724; 1525
1725; 1545
1726; 1617
1727; 1637
1728; 1745
1729; 2408
1730; 2480
1731; 2500
1732; 2572
1733; 2592
1734; 2664
1735; 2684
1736; 2756
1737; 2776
1738; 2848
1739; 2868
1740; 2940
1741; 2960
1742; 3050
1743; 3070
1744; 3160
1745; 3180
1746; 3270
1747; 3290
1748; 3380
1749; 3400
1750; 3472
1751; 3492
1752; 3564
1753; 3584
1754; 56
1755; 191
1756; 263
1757; 283
1758; 373
1759; 393
1760; 528
1761; 708
1762; 798
1763; 818
1764; 908
1765; 928
1766; 1000
1767; 1180
1768; 1252
1769; 608
1770; 680
1771; 700
1772; 772
1773; 792
1774; 864
1775; 884
1776; 956
1777; 976
1778; 1048
1779; 1068
1780; 1140
1781; 1160
1782; 1250
1783; 1270
1784; 1360
1785; 1380
1786; 1470
1787; 1490
1788; 1580
1789; 1600
1790; 1672
1791; 1692
1792; 1764
1793; 1784
1794; 1856
1795; 1991
1796; 2063
1797; 2083
1798; 2173
1799; 2193
1800; 2328
1801; 2508
1802; 2598
1803; 2618
1804; 2708
1805; 2728
1806; 2800
1807; 2980
1808; 3088
1809; 1215
1810; 1287
1811; 1308
1812; 1380
1813; 1461
1814; 1533
1815; 1556
1816; 1628
1817; 1648
1818; 1720
1819; 1740
1820; 1812
1821; 1832
1822; 1904
1823; 1924
1824; 1996
1825; 2016
1826; 2088
1827; 2108
1828; 2180
1829; 2254
1830; 2389
1831; 2569
1832; 2704
1833; 2884
1834; 2974
1835; 2994
1836; 3084
1837; 3104
1838; 3194
1839; 3214
1840; 3304
1841; 3324
1842; 3414
1843; 3434
1844; 3524
1845; 3544
1846; 16
1847; 36
1848; 108
1849; 608
1850; 680
1851; 700
1852; 772
1853; 792
1854; 882
1855; 902
1856; 992
1857; 1012
1858; 1102
1859; 1122
1860; 1212
1861; 1232
1862; 1322
1863; 1342
1864; 1432
1865; 1452
1866; 1542
1867; 1562
1868; 1652
1869; 1672
1870; 1744
1871; 1764
1872; 1836
1873; 1856
1874; 1928
1875; 1948
1876; 2020
1877; 2040
1878; 2112
1879; 2132
1880; 2204
1881; 2224
1882; 2296
1883; 2419
1884; 2491
1885; 2511
1886; 2583
1887; 2603
1888; 2675
1889; 2708
1890; 2780
1891; 2960
1892; 3068
1893; 3248
1894; 3338
1895; 3358
1896; 3448
1897; 3468
1898; 3558
1899; 3578
1900; 68
1901; 88
1902; 160
1903; 221
1904; 293
1905; 313
1906; 385
1907; 484
1908; 556
1909; 576
1910; 666
1911; 686
1912; 776
1913; 796
1914; 886
1915; 906
1916; 996
1917; 1016
1918; 1106
1919; 1126
1920; 1216
1921; 1236
1922; 1326
1923; 1346
1924; 1436
1925; 1456
1926; 1528
1927; 1548
1928; 1620
1929; 908
1930; 980
1931; 1160
1932; 1268
1933; 1448
1934; 1538
1935; 1558
1936; 1648
1937; 1668
1938; 1758
1939; 1778
1940; 1868
1941; 1888
1942; 1960
1943; 2021
1944; 2093
1945; 2113
1946; 2185
1947; 2284
1948; 2356
1949; 2376
1950; 2466
1951; 2486
1952; 2576
1953; 2596
1954; 2686
1955; 2706
1956; 2796
1957; 2816
1958; 2906
1959; 2926
1960; 3016
1961; 3036
1962; 3126
1963; 3146
1964; 3236
1965; 3256
1966; 3328
1967; 3348
1968; 3420
1969; 1977
1970; 2049
1971; 2069
1972; 2141
1973; 2161
1974; 2251
1975; 2271
1976; 2361
1977; 2381
1978; 2471
1979; 2491
1980; 2581
1981; 2601
1982; 2691
1983; 2711
1984; 2801
1985; 2821
1986; 2911
1987; 2931
1988; 3021
1989; 3041
1990; 3113
1991; 3133
1992; 3205
1993; 3225
1994; 3297
1995; 3317
1996; 3389
1997; 3569
1998; 59
1999; 79
2000; 169
2001; 189
2002; 279
2003; 299
2004; 389
2005; 409
2006; 481
2007; 501
2008; 573
2009; 177
2010; 249
2011; 269
2012; 341
2013; 361
2014; 451
2015; 471
2016; 561
2017; 581
2018; 671
2019; 691
2020; 781
2021; 801
2022; 891
2023; 911
2024; 1001
2025; 1021
2026; 1111
2027; 1131
2028; 1221
2029; 1241
2030; 1313
2031; 1333
2032; 1405
2033; 1425
2034; 1497
2035; 1517
2036; 1589
2037; 1769
2038; 1859
2039; 1879
2040; 1969
2041; 1989
2042; 2079
2043; 2099
2044; 2189
2045; 2209
2046; 2281
2047; 2301
2048; 2373
2049; 1925
2050; 2025
2051; 2045
2052; 2117
2053; 2137
2054; 2227
2055; 2247
2056; 2337
2057; 2357
2058; 2447
2059; 2467
2060; 2557
2061; 2613
2062; 2721
2063; 2901
2064; 3009
2065; 3029
2066; 3101
2067; 3281
2068; 3389
2069; 3569
2070; 59
2071; 167
2072; 257
2073; 277
2074; 367
2075; 387
2076; 477
2077; 497
2078; 587
2079; 607
2080; 697
2081; 717
2082; 807
2083; 827
2084; 917
2085; 937
2086; 1009
2087; 1189
2088; 1261
2089; 1832
2090; 1904
2091; 2084
2092; 2156
2093; 2176
2094; 2266
2095; 2286
2096; 2376
2097; 2396
2098; 2486
2099; 2506
2100; 2596
2101; 2616
2102; 2706
2103; 2726
2104; 2816
2105; 2836
2106; 2926
2107; 2946
2108; 3036
2109; 3056
2110; 3128
2111; 3148
2112; 3220
2113; 3240
2114; 3312
2115; 3332
2116; 3404
2117; 3424
2118; 3514
2119; 3534
2120; 24
2121; 44
2122; 134
2123; 154
2124; 244
2125; 264
2126; 336
2127; 356
2128; 428
2129; 896
2130; 968
2131; 988
2132; 1060
2133; 1080
2134; 1152
2135; 1172
2136; 1244
2137; 1264
2138; 1336
2139; 1356
2140; 1428
2141; 1448
2142; 1520
2143; 1540
2144; 1612
2145; 1632
2146; 1704
2147; 1724
2148; 1796
2149; 1816
2150; 1888
2151; 1908
2152; 1980
2153; 2000
2154; 2072
2155; 2092
2156; 2164
2157; 2184
2158; 2256
2159; 2276
2160; 2348
2161; 2368
2162; 2440
2163; 2564
2164; 2636
2165; 2656
2166; 2728
2167; 2748
2168; 2856
2169; 2096
2170; 2168
2171; 2188
2172; 2260
2173; 2280
2174; 2352
2175; 2372
2176; 2444
2177; 2464
2178; 2536
2179; 2556
2180; 2628
2181; 2648
2182; 2720
2183; 2740
2184; 2812
2185; 2832
2186; 2904
2187; 2924
2188; 2996
2189; 3016
2190; 3088
2191; 3108
2192; 3180
2193; 3200
2194; 3272
2195; 3292
2196; 3364
2197; 3384
2198; 3456
2199; 3476
2200; 3548
2201; 3568
2202; 40
2203; 164
2204; 236
2205; 256
2206; 328
2207; 348
2208; 420
2209; 3296
2210; 3368
2211; 3388
2212; 3460
2213; 3480
2214; 3552
2215; 3572
2216; 44
2217; 64
2218; 136
2219; 156
2220; 228
2221; 248
2222; 320
2223; 340
2224; 412
2225; 432
2226; 504
2227; 524
2228; 596
2229; 616
2230; 688
2231; 708
2232; 780
2233; 800
2234; 872
2235; 892
2236; 964
2237; 984
2238; 1056
2239; 1076
2240; 1148
2241; 1168
2242; 1240
2243; 1364
2244; 1436
2245; 1456
2246; 1528
2247; 1548
2248; 1620
2249; 3232
2250; 3304
2251; 3324
2252; 3396
2253; 3416
2254; 3488
2255; 3508
2256; 3580
2257; 0
2258; 72
2259; 92
2260; 164
2261; 184
2262; 256
2263; 276
2264; 348
2265; 368
2266; 440
2267; 460
2268; 532
2269; 552
2270; 624
2271; 644
2272; 716
2273; 736
2274; 808
2275; 828
2276; 900
2277; 920
2278; 992
2279; 1012
2280; 1084
2281; 1104
2282; 1176
2283; 1196
2284; 1268
2285; 1288
2286; 1360
2287; 1380
2288; 1452
2289; 832
2290; 904
2291; 924
2292; 996
2293; 1016
2294; 1088
2295; 1108
2296; 1180
2297; 1200
2298; 1272
2299; 1292
2300; 1364
2301; 1384
2302; 1456
2303; 1476
2304; 1548
2305; 1568
2306; 1640
2307; 1660
2308; 1732
2309; 1752
2310; 1824
2311; 1844
2312; 1916
2313; 1936
2314; 2008
2315; 2028
2316; 2100
2317; 2120
2318; 2192
2319; 2212
2320; 2284
2321; 2304
2322; 2376
2323; 2396
2324; 2468
2325; 2488
2326; 2560
2327; 2580
2328; 2652
2329; 2032
2330; 2104
2331; 2124
2332; 2196
2333; 2216
2334; 2288
2335; 2308
2336; 2380
2337; 2400
2338; 2472
2339; 2492
2340; 2564
2341; 2584
2342; 2656
2343; 2676
2344; 2748
2345; 2768
2346; 2840
2347; 2860
2348; 2932
2349; 2952
2350; 3024
2351; 3044
2352; 3116
2353; 3136
2354; 3208
2355; 3228
2356; 3300
2357; 3320
2358; 3392
2359; 3412
2360; 3484
2361; 3504
2362; 3576
2363; 3596
2364; 68
2365; 88
2366; 160
2367; 180
2368; 252
2369; 3295
2370; 3403
2371; 3583
2372; 73
2373; 253
2374; 361
2375; 381
2376; 453
2377; 473
2378; 545
2379; 565
2380; 637
2381; 657
2382; 729
2383; 749
2384; 821
2385; 841
2386; 913
2387; 933
2388; 1005
2389; 1025
2390; 1097
2391; 1117
2392; 1189
2393; 1209
2394; 1281
2395; 1301
2396; 1373
2397; 1393
2398; 1483
2399; 1503
2400; 1593
2401; 1613
2402; 1703
2403; 1723
2404; 1813
2405; 1833
2406; 1923
2407; 1943
2408; 2033
2409; 564
2410; 654
2411; 674
2412; 764
2413; 784
2414; 874
2415; 894
2416; 984
2417; 1004
2418; 1094
2419; 1114
2420; 1204
2421; 1224
2422; 1296
2423; 1476
2424; 1548
2425; 1568
2426; 1640
2427; 1660
2428; 1732
2429; 1752
2430; 1824
2431; 1844
2432; 1916
2433; 1936
2434; 2008
2435; 2028
2436; 2100
2437; 2120
2438; 2192
2439; 2212
2440; 2284
2441; 2304
2442; 2376
2443; 2396
2444; 2468
2445; 2488
2446; 2560
2447; 2580
2448; 2652
2449; 68
2450; 140
2451; 320
2452; 392
2453; 572
2454; 662
2455; 842
2456; 977
2457; 1157
2458; 1292
2459; 1472
2460; 1607
2461; 1787
2462; 1895
2463; 2075
2464; 2147
2465; 2167
2466; 2239
2467; 2259
2468; 2331
2469; 2351
2470; 2441
2471; 2461
2472; 2551
2473; 2571
2474; 2661
2475; 2681
2476; 2771
2477; 2791
2478; 2863
2479; 2913
2480; 2985
2481; 2921
2482; 2993
2483; 3028
2484; 3100
2485; 3120
2486; 3210
2487; 3230
2488; 3320
2489; 3340
2490; 3430
2491; 3450
2492; 3540
2493; 3560
2494; 32
2495; 52
2496; 124
2497; 144
2498; 216
2499; 236
2500; 308
2501; 328
2502; 418
2503; 438
2504; 528
2505; 548
2506; 638
2507; 658
2508; 748
2509; 768
2510; 840
2511; 860
2512; 932
2513; 3123
2514; 3231
2515; 3411
2516; 3483
2517; 3503
2518; 3593
2519; 13
2520; 103
2521; 123
2522; 213
2523; 233
2524; 323
2525; 343
2526; 415
2527; 435
2528; 507
2529; 527
2530; 599
2531; 619
2532; 691
2533; 711
2534; 801
2535; 821
2536; 911
2537; 931
2538; 1021
2539; 1041
2540; 1131
2541; 1151
2542; 1223
2543; 1243
2544; 1316
2545; 1323
2546; 1431
2547; 1611
2548; 1683
2549; 1703
2550; 1793
2551; 1813
2552; 1903
2553; 1923
2554; 2013
2555; 2033
2556; 2123
2557; 2143
2558; 2215
2559; 2235
2560; 2307
2561; 2327
2562; 2399
2563; 2419
2564; 2491
2565; 2511
2566; 2601
2567; 2621
2568; 2711
2569; 2731
2570; 2821
2571; 2841
2572; 2931
2573; 2951
2574; 3023
2575; 3043
2576; 3115
2577; 753
2578; 825
2579; 845
2580; 917
2581; 937
2582; 1027
2583; 1047
2584; 1137
2585; 1157
2586; 1247
2587; 1267
2588; 1398
2589; 1493
2590; 1565
2591; 1585
2592; 1657
2593; 1677
2594; 1749
2595; 1769
2596; 1841
2597; 1861
2598; 1951
2599; 1971
2600; 2061
2601; 2081
2602; 2171
2603; 2191
2604; 2281
2605; 2301
2606; 2373
2607; 2553
2608; 2625
2609; 2553
2610; 2625
2611; 2645
2612; 2717
2613; 2737
2614; 2827
2615; 2847
2616; 2937
2617; 2957
2618; 3047
2619; 3067
2620; 3157
2621; 3293
2622; 3365
2623; 3385
2624; 3457
2625; 3477
2626; 3549
2627; 3569
2628; 41
2629; 61
2630; 151
2631; 171
2632; 261
2633; 281
2634; 371
2635; 391
2636; 481
2637; 501
2638; 573
2639; 753
2640; 825
2641; 2792
2642; 2864
2643; 2884
2644; 2956
2645; 2976
2646; 3048
2647; 3068
2648; 3140
2649; 3160
2650; 3232
2651; 3252
2652; 3324
2653; 3344
2654; 3434
2655; 3454
2656; 3544
2657; 3564
2658; 54
2659; 74
2660; 164
2661; 184
2662; 256
2663; 276
2664; 348
2665; 368
2666; 440
2667; 460
2668; 532
2669; 552
2670; 624
2671; 644
2672; 716
2673; 432
2674; 504
2675; 524
2676; 596
2677; 616
2678; 688
2679; 708
2680; 780
2681; 800
2682; 872
2683; 892
2684; 964
2685; 984
2686; 1074
2687; 1094
2688; 1184
2689; 1204
2690; 1294
2691; 1314
2692; 1404
2693; 1424
2694; 1496
2695; 1516
2696; 1588
2697; 1608
2698; 1680
2699; 1700
2700; 1772
2701; 1792
2702; 1864
2703; 1884
2704; 1956
2705; 1656
2706; 1728
2707; 1748
2708; 1820
2709; 1840
2710; 1930
2711; 1950
2712; 2040
2713; 2060
2714; 2150
2715; 2170
2716; 2260
2717; 2280
2718; 2352
2719; 2372
2720; 2444
2721; 2464
2722; 2536
2723; 2556
2724; 2628
2725; 2648
2726; 2720
2727; 2740
2728; 2812
2729; 2832
2730; 2904
2731; 2924
2732; 2996
2733; 3016
2734; 3088
2735; 3108
2736; 3180
2737; 1217
2738; 1289
2739; 1309
2740; 1381
2741; 1401
2742; 1473
2743; 1493
2744; 1565
2745; 1585
2746; 1657
2747; 1677
2748; 1749
2749; 1769
2750; 1841
2751; 1861
2752; 1933
2753; 1953
2754; 2025
2755; 2045
2756; 2117
2757; 2137
2758; 2227
2759; 2247
2760; 2337
2761; 2357
2762; 2447
2763; 2467
2764; 2557
2765; 2577
2766; 2649
2767; 2829
2768; 2937
2769; 2032
2770; 2104
2771; 2124
2772; 2196
2773; 2216
2774; 2288
2775; 2308
2776; 2380
2777; 2400
2778; 2472
2779; 2492
2780; 2564
2781; 2584
2782; 2656
2783; 2676
2784; 2748
2785; 2768
2786; 2840
2787; 3020
2788; 3092
2789; 3112
2790; 3202
2791; 3222
2792; 3312
2793; 3332
2794; 3422
2795; 3442
2796; 3532
2797; 3552
2798; 42
2799; 62
2800; 152
2801; 346
2802; 436
2803; 456
2804; 546
2805; 566
2806; 656
2807; 676
2808; 766
2809; 786
2810; 876
2811; 896
2812; 986
2813; 1006
2814; 1078
2815; 1258
2816; 1366
2817; 1546
2818; 1654
2819; 1834
2820; 1942
2821; 2122
2822; 2230
2823; 2410
2824; 2518
2825; 2538
2826; 2610
2827; 2630
2828; 2702
2829; 2722
2830; 2794
2831; 2833
2832; 2905
2833; 1320
2834; 1392
2835; 1572
2836; 1680
2837; 1860
2838; 1968
2839; 2148
2840; 2220
2841; 2240
2842; 2330
2843; 2350
2844; 2440
2845; 2460
2846; 2550
2847; 2570
2848; 2660
2849; 2680
2850; 2770
2851; 2790
2852; 2880
2853; 2900
2854; 2990
2855; 3010
2856; 3100
2857; 129
2858; 219
2859; 239
2860; 329
2861; 349
2862; 439
2863; 459
2864; 549
2865; 569
2866; 659
2867; 679
2868; 769
2869; 789
2870; 879
2871; 899
2872; 989
2873; 1009
2874; 1081
2875; 1101
2876; 1173
2877; 1193
2878; 1265
2879; 1292
2880; 1364
2881; 1005
2882; 1077
2883; 1192
2884; 1264
2885; 1284
2886; 1356
2887; 1376
2888; 1448
2889; 1468
2890; 1540
2891; 1560
2892; 1632
2893; 1652
2894; 1742
2895; 1762
2896; 1852
2897; 1872
2898; 1962
2899; 1982
2900; 2072
2901; 2092
2902; 2164
2903; 2184
2904; 2256
2905; 3159
2906; 3231
2907; 3251
2908; 3323
2909; 3343
2910; 3433
2911; 3453
2912; 3543
2913; 3563
2914; 53
2915; 73
2916; 163
2917; 221
2918; 293
2919; 313
2920; 385
2921; 405
2922; 477
2923; 497
2924; 569
2925; 589
2926; 661
2927; 757
2928; 829
2929; 1928
2930; 2000
2931; 2020
2932; 2092
2933; 2112
2934; 2202
2935; 2222
2936; 2312
2937; 2332
2938; 2422
2939; 2442
2940; 2532
2941; 2552
2942; 2624
2943; 2676
2944; 2748
2945; 2768
2946; 2840
2947; 2860
2948; 2932
2949; 2952
2950; 3024
2951; 3044
2952; 3116
2953; 128
2954; 200
2955; 220
2956; 292
2957; 312
2958; 402
2959; 422
2960; 512
2961; 532
2962; 622
2963; 642
2964; 732
2965; 752
2966; 824
2967; 876
2968; 948
2969; 968
2970; 1040
2971; 1060
2972; 1132
2973; 1152
2974; 1224
2975; 1244
2976; 1352
2977; 3295
2978; 3367
2979; 3387
2980; 3459
2981; 3479
2982; 3551
2983; 3571
2984; 43
2985; 63
2986; 135
2987; 155
2988; 227
2989; 247
2990; 361
2991; 381
2992; 471
2993; 491
2994; 581
2995; 601
2996; 691
2997; 711
2998; 783
2999; 803
3000; 875
3001; 1495
3002; 1567
3003; 1587
3004; 1659
3005; 1679
3006; 1751
3007; 1771
3008; 1843
3009; 1863
3010; 1935
3011; 1955
3012; 2027
3013; 2047
3014; 2161
3015; 2181
3016; 2271
3017; 2291
3018; 2381
3019; 2401
3020; 2491
3021; 2511
3022; 2583
3023; 2603
3024; 2675
3025; 1632
3026; 1704
3027; 1724
3028; 1796
3029; 1976
3030; 2066
3031; 2086
3032; 2176
3033; 2196
3034; 2286
3035; 2306
3036; 2396
3037; 2416
3038; 2506
3039; 2526
3040; 2616
3041; 2796
3042; 2886
3043; 2906
3044; 2996
3045; 3016
3046; 3088
3047; 3108
3048; 3180
3049; 3432
3050; 3504
3051; 3524
3052; 3596
3053; 176
3054; 266
3055; 286
3056; 376
3057; 396
3058; 486
3059; 506
3060; 596
3061; 616
3062; 706
3063; 726
3064; 816
3065; 996
3066; 1086
3067; 1106
3068; 1196
3069; 1216
3070; 1288
3071; 1308
3072; 1380
3073; 3428
3074; 3500
3075; 3520
3076; 3592
3077; 12
3078; 102
3079; 122
3080; 212
3081; 232
3082; 322
3083; 342
3084; 432
3085; 452
3086; 542
3087; 562
3088; 652
3089; 672
3090; 762
3091; 782
3092; 872
3093; 892
3094; 964
3095; 1144
3096; 1252
3097; 1628
3098; 1700
3099; 1720
3100; 1792
3101; 1812
3102; 1902
3103; 1922
3104; 2012
3105; 2032
3106; 2122
3107; 2142
3108; 2232
3109; 2252
3110; 2342
3111; 2362
3112; 2452
3113; 2472
3114; 2562
3115; 2582
3116; 2672
3117; 2692
3118; 2764
3119; 2944
3120; 3052
3121; 36
3122; 144
3123; 324
3124; 396
3125; 416
3126; 506
3127; 526
3128; 616
3129; 636
3130; 726
3131; 746
3132; 836
3133; 940
3134; 1012
3135; 1192
3136; 1264
3137; 1284
3138; 1356
3139; 1536
3140; 1644
3141; 1824
3142; 1932
3143; 2112
3144; 2184
3145; 1836
3146; 1944
3147; 2124
3148; 2196
3149; 2216
3150; 2306
3151; 2326
3152; 2416
3153; 2436
3154; 2526
3155; 2546
3156; 2636
3157; 2740
3158; 2812
3159; 2992
3160; 3064
3161; 3084
3162; 3156
3163; 3336
3164; 3444
3165; 24
3166; 132
3167; 312
3168; 384
3169; 2704
3170; 2776
3171; 2796
3172; 2868
3173; 2888
3174; 2960
3175; 2980
3176; 3052
3177; 3072
3178; 3144
3179; 3164
3180; 3236
3181; 3416
3182; 3506
3183; 32
3184; 167
3185; 187
3186; 277
3187; 297
3188; 387
3189; 407
3190; 479
3191; 594
3192; 666
3193; 904
3194; 976
3195; 996
3196; 1068
3197; 1088
3198; 1160
3199; 1180
3200; 1252
3201; 1272
3202; 1344
3203; 1364
3204; 1436
3205; 1616
3206; 1706
3207; 1832
3208; 1967
3209; 1987
3210; 2077
3211; 2097
3212; 2187
3213; 2207
3214; 2279
3215; 2394
3216; 2466
