# line-id; line-code; direction; stop-order; stop-id; frequency; arrival_time; departure_time; line-repetition
1; 1H; >; 1; 99; 2; 0; 0; 1
1; 1H; >; 2; 119; 2; 72; 252; 1
1; 1H; >; 3; 131; 2; 324; 344; 1
1; 1H; >; 4; 151; 2; 416; 595; 1
1; 1H; >; 5; 163; 2; 667; 687; 1
1; 1H; >; 6; 183; 2; 759; 779; 1
1; 1H; >; 7; 195; 2; 851; 871; 1
1; 1H; >; 8; 215; 2; 943; 963; 1
1; 1H; >; 9; 227; 2; 1035; 1055; 1
1; 1H; >; 10; 228; 2; 1159; 1183; 1
1; 1H; >; 11; 229; 2; 1291; 1471; 1
1; 1H; >; 12; 230; 2; 1575; 1600; 1
1; 1H; >; 13; 231; 2; 1672; 1852; 1
1; 1H; >; 14; 249; 2; 1960; 2140; 1
1; 1H; >; 15; 263; 2; 2248; 2360; 1
1; 1H; >; 16; 264; 2; 2450; 2470; 1
1; 1H; >; 17; 265; 2; 2560; 2580; 1
1; 1H; >; 18; 266; 2; 2670; 2690; 1
1; 1H; >; 19; 267; 2; 2780; 2800; 1
1; 1H; >; 20; 251; 2; 2872; 2892; 1
1; 1H; >; 21; 235; 2; 2964; 2984; 1
1; 1H; >; 22; 219; 2; 3056; 3236; 1
1; 1H; >; 23; 203; 2; 3344; 3505; 1
1; 1H; >; 24; 202; 2; 3595; 15; 1
1; 1H; >; 25; 201; 2; 105; 125; 1
1; 1H; >; 26; 200; 2; 215; 235; 1
1; 1H; >; 27; 199; 2; 325; 345; 1
1; 1H; >; 28; 185; 2; 417; 437; 1
1; 1H; >; 29; 167; 2; 509; 529; 1
1; 1H; >; 30; 153; 2; 601; 621; 1
1; 1H; >; 31; 135; 2; 693; 713; 1
1; 1H; >; 32; 121; 2; 785; 805; 1
1; 1H; >; 33; 103; 2; 877; 897; 1
1; 1H; >; 34; 104; 2; 969; 989; 1
1; 1H; >; 35; 105; 2; 1061; 1241; 1
1; 1H; >; 36; 90; 2; 1331; 1351; 1
1; 1H; >; 37; 73; 2; 1441; 1461; 1
1; 1H; >; 38; 72; 2; 1551; 1571; 1
1; 1H; >; 39; 71; 2; 1661; 1784; 1
1; 1H; >; 40; 70; 2; 1874; 1894; 1
1; 1H; >; 41; 69; 2; 1984; 2004; 1
1; 1H; >; 42; 56; 2; 2094; 2114; 1
1; 1H; >; 43; 37; 2; 2204; 2224; 1
1; 1H; >; 44; 36; 2; 2296; 2452; 1
1; 1H; >; 45; 35; 2; 2524; 2524; 1
1; 1H; >; 1; 99; 2; 1800; 1800; 2
1; 1H; >; 2; 119; 2; 1872; 2052; 2
1; 1H; >; 3; 131; 2; 2124; 2144; 2
1; 1H; >; 4; 151; 2; 2216; 2395; 2
1; 1H; >; 5; 163; 2; 2467; 2487; 2
1; 1H; >; 6; 183; 2; 2559; 2579; 2
1; 1H; >; 7; 195; 2; 2651; 2671; 2
1; 1H; >; 8; 215; 2; 2743; 2763; 2
1; 1H; >; 9; 227; 2; 2835; 2855; 2
1; 1H; >; 10; 228; 2; 2927; 2983; 2
1; 1H; >; 11; 229; 2; 3091; 3271; 2
1; 1H; >; 12; 230; 2; 3343; 3400; 2
1; 1H; >; 13; 231; 2; 3472; 52; 2
1; 1H; >; 14; 249; 2; 160; 340; 2
1; 1H; >; 15; 263; 2; 412; 560; 2
1; 1H; >; 16; 264; 2; 650; 670; 2
1; 1H; >; 17; 265; 2; 760; 780; 2
1; 1H; >; 18; 266; 2; 870; 890; 2
1; 1H; >; 19; 267; 2; 980; 1000; 2
1; 1H; >; 20; 251; 2; 1072; 1092; 2
1; 1H; >; 21; 235; 2; 1164; 1184; 2
1; 1H; >; 22; 219; 2; 1256; 1436; 2
1; 1H; >; 23; 203; 2; 1544; 1705; 2
1; 1H; >; 24; 202; 2; 1795; 1815; 2
1; 1H; >; 25; 201; 2; 1905; 1925; 2
1; 1H; >; 26; 200; 2; 2015; 2035; 2
1; 1H; >; 27; 199; 2; 2125; 2145; 2
1; 1H; >; 28; 185; 2; 2217; 2237; 2
1; 1H; >; 29; 167; 2; 2309; 2329; 2
1; 1H; >; 30; 153; 2; 2401; 2421; 2
1; 1H; >; 31; 135; 2; 2493; 2513; 2
1; 1H; >; 32; 121; 2; 2585; 2605; 2
1; 1H; >; 33; 103; 2; 2677; 2697; 2
1; 1H; >; 34; 104; 2; 2769; 2789; 2
1; 1H; >; 35; 105; 2; 2861; 3041; 2
1; 1H; >; 36; 90; 2; 3131; 3151; 2
1; 1H; >; 37; 73; 2; 3241; 3261; 2
1; 1H; >; 38; 72; 2; 3351; 3371; 2
1; 1H; >; 39; 71; 2; 3461; 3584; 2
1; 1H; >; 40; 70; 2; 74; 94; 2
1; 1H; >; 41; 69; 2; 184; 204; 2
1; 1H; >; 42; 56; 2; 294; 314; 2
1; 1H; >; 43; 37; 2; 404; 424; 2
1; 1H; >; 44; 36; 2; 496; 652; 2
1; 1H; >; 45; 35; 2; 724; 724; 2
1; 1R; <; 1; 35; 2; 796; 796; 1
1; 1R; <; 2; 36; 2; 904; 1084; 1
1; 1R; <; 3; 37; 2; 1156; 1176; 1
1; 1R; <; 4; 56; 2; 1266; 1286; 1
1; 1R; <; 5; 69; 2; 1376; 1396; 1
1; 1R; <; 6; 70; 2; 1486; 1506; 1
1; 1R; <; 7; 71; 2; 1596; 1616; 1
1; 1R; <; 8; 72; 2; 1706; 1726; 1
1; 1R; <; 9; 73; 2; 1816; 1836; 1
1; 1R; <; 10; 90; 2; 1926; 1946; 1
1; 1R; <; 11; 105; 2; 2036; 2056; 1
1; 1R; <; 12; 104; 2; 2128; 2148; 1
1; 1R; <; 13; 103; 2; 2220; 2240; 1
1; 1R; <; 14; 121; 2; 2312; 2332; 1
1; 1R; <; 15; 135; 2; 2404; 2424; 1
1; 1R; <; 16; 153; 2; 2496; 2516; 1
1; 1R; <; 17; 167; 2; 2588; 2608; 1
1; 1R; <; 18; 185; 2; 2680; 2700; 1
1; 1R; <; 19; 199; 2; 2808; 2828; 1
1; 1R; <; 20; 200; 2; 2918; 2938; 1
1; 1R; <; 21; 201; 2; 3028; 3150; 1
1; 1R; <; 22; 202; 2; 3285; 3465; 1
1; 1R; <; 23; 203; 2; 0; 20; 1
1; 1R; <; 24; 219; 2; 128; 308; 1
1; 1R; <; 25; 235; 2; 380; 400; 1
1; 1R; <; 26; 251; 2; 472; 492; 1
1; 1R; <; 27; 267; 2; 564; 584; 1
1; 1R; <; 28; 266; 2; 674; 694; 1
1; 1R; <; 29; 265; 2; 784; 804; 1
1; 1R; <; 30; 264; 2; 894; 914; 1
1; 1R; <; 31; 263; 2; 1004; 1024; 1
1; 1R; <; 32; 249; 2; 1096; 1116; 1
1; 1R; <; 33; 231; 2; 1188; 1208; 1
1; 1R; <; 34; 230; 2; 1280; 1460; 1
1; 1R; <; 35; 229; 2; 1532; 1552; 1
1; 1R; <; 36; 228; 2; 1624; 1644; 1
1; 1R; <; 37; 227; 2; 1716; 1736; 1
1; 1R; <; 38; 215; 2; 1808; 1828; 1
1; 1R; <; 39; 195; 2; 1900; 1920; 1
1; 1R; <; 40; 183; 2; 1992; 2012; 1
1; 1R; <; 41; 163; 2; 2084; 2104; 1
1; 1R; <; 42; 151; 2; 2176; 2196; 1
1; 1R; <; 43; 131; 2; 2268; 2288; 1
1; 1R; <; 44; 119; 2; 2360; 2380; 1
1; 1R; <; 45; 99; 2; 2488; 2488; 1
1; 1R; <; 1; 35; 2; 2596; 2596; 2
1; 1R; <; 2; 36; 2; 2704; 2884; 2
1; 1R; <; 3; 37; 2; 2956; 2976; 2
1; 1R; <; 4; 56; 2; 3066; 3086; 2
1; 1R; <; 5; 69; 2; 3176; 3196; 2
1; 1R; <; 6; 70; 2; 3286; 3306; 2
1; 1R; <; 7; 71; 2; 3396; 3416; 2
1; 1R; <; 8; 72; 2; 3506; 3526; 2
1; 1R; <; 9; 73; 2; 16; 36; 2
1; 1R; <; 10; 90; 2; 126; 146; 2
1; 1R; <; 11; 105; 2; 236; 256; 2
1; 1R; <; 12; 104; 2; 328; 348; 2
1; 1R; <; 13; 103; 2; 420; 440; 2
1; 1R; <; 14; 121; 2; 512; 532; 2
1; 1R; <; 15; 135; 2; 604; 624; 2
1; 1R; <; 16; 153; 2; 696; 716; 2
1; 1R; <; 17; 167; 2; 788; 808; 2
1; 1R; <; 18; 185; 2; 880; 900; 2
1; 1R; <; 19; 199; 2; 1008; 1028; 2
1; 1R; <; 20; 200; 2; 1118; 1138; 2
1; 1R; <; 21; 201; 2; 1273; 1350; 2
1; 1R; <; 22; 202; 2; 1485; 1665; 2
1; 1R; <; 23; 203; 2; 1800; 1820; 2
1; 1R; <; 24; 219; 2; 1928; 2108; 2
1; 1R; <; 25; 235; 2; 2180; 2200; 2
1; 1R; <; 26; 251; 2; 2272; 2292; 2
1; 1R; <; 27; 267; 2; 2364; 2384; 2
1; 1R; <; 28; 266; 2; 2474; 2494; 2
1; 1R; <; 29; 265; 2; 2584; 2604; 2
1; 1R; <; 30; 264; 2; 2694; 2714; 2
1; 1R; <; 31; 263; 2; 2804; 2824; 2
1; 1R; <; 32; 249; 2; 2896; 2916; 2
1; 1R; <; 33; 231; 2; 2988; 3008; 2
1; 1R; <; 34; 230; 2; 3080; 3260; 2
1; 1R; <; 35; 229; 2; 3332; 3352; 2
1; 1R; <; 36; 228; 2; 3424; 3444; 2
1; 1R; <; 37; 227; 2; 3516; 3536; 2
1; 1R; <; 38; 215; 2; 8; 28; 2
1; 1R; <; 39; 195; 2; 100; 120; 2
1; 1R; <; 40; 183; 2; 192; 212; 2
1; 1R; <; 41; 163; 2; 284; 304; 2
1; 1R; <; 42; 151; 2; 376; 396; 2
1; 1R; <; 43; 131; 2; 468; 488; 2
1; 1R; <; 44; 119; 2; 560; 580; 2
1; 1R; <; 45; 99; 2; 652; 652; 2
2; 2H; >; 1; 307; 2; 1953; 1953; 1
2; 2H; >; 2; 306; 2; 2061; 2241; 1
2; 2H; >; 3; 305; 2; 2313; 2333; 1
2; 2H; >; 4; 304; 2; 2405; 2585; 1
2; 2H; >; 5; 303; 2; 2657; 2677; 1
2; 2H; >; 6; 285; 2; 2749; 2769; 1
2; 2H; >; 7; 271; 2; 2841; 2861; 1
2; 2H; >; 8; 270; 2; 2951; 2971; 1
2; 2H; >; 9; 269; 2; 3061; 3081; 1
2; 2H; >; 10; 284; 2; 3171; 3191; 1
2; 2H; >; 11; 301; 2; 3281; 3301; 1
2; 2H; >; 12; 316; 2; 3391; 3411; 1
2; 2H; >; 13; 333; 2; 3501; 3521; 1
2; 2H; >; 14; 332; 2; 11; 31; 1
2; 2H; >; 15; 331; 2; 121; 141; 1
2; 2H; >; 16; 315; 2; 231; 251; 1
2; 2H; >; 17; 299; 2; 341; 361; 1
2; 2H; >; 18; 283; 2; 433; 612; 1
2; 2H; >; 19; 267; 2; 684; 704; 1
2; 2H; >; 20; 266; 2; 794; 814; 1
2; 2H; >; 21; 265; 2; 904; 924; 1
2; 2H; >; 22; 250; 2; 1014; 1034; 1
2; 2H; >; 23; 233; 2; 1124; 1144; 1
2; 2H; >; 24; 232; 2; 1216; 1236; 1
2; 2H; >; 25; 231; 2; 1308; 1328; 1
2; 2H; >; 26; 249; 2; 1400; 1420; 1
2; 2H; >; 27; 263; 2; 1492; 1512; 1
2; 2H; >; 28; 281; 2; 1584; 1604; 1
2; 2H; >; 29; 295; 2; 1676; 1696; 1
2; 2H; >; 30; 294; 2; 1768; 1788; 1
2; 2H; >; 31; 293; 2; 1860; 1880; 1
2; 2H; >; 32; 292; 2; 1952; 1972; 1
2; 2H; >; 33; 291; 2; 2044; 2044; 1
2; 2H; >; 1; 307; 2; 153; 153; 2
2; 2H; >; 2; 306; 2; 261; 441; 2
2; 2H; >; 3; 305; 2; 513; 533; 2
2; 2H; >; 4; 304; 2; 605; 785; 2
2; 2H; >; 5; 303; 2; 857; 877; 2
2; 2H; >; 6; 285; 2; 949; 969; 2
2; 2H; >; 7; 271; 2; 1041; 1061; 2
2; 2H; >; 8; 270; 2; 1151; 1171; 2
2; 2H; >; 9; 269; 2; 1261; 1281; 2
2; 2H; >; 10; 284; 2; 1371; 1391; 2
2; 2H; >; 11; 301; 2; 1481; 1501; 2
2; 2H; >; 12; 316; 2; 1591; 1611; 2
2; 2H; >; 13; 333; 2; 1701; 1721; 2
2; 2H; >; 14; 332; 2; 1811; 1831; 2
2; 2H; >; 15; 331; 2; 1921; 1941; 2
2; 2H; >; 16; 315; 2; 2031; 2051; 2
2; 2H; >; 17; 299; 2; 2141; 2161; 2
2; 2H; >; 18; 283; 2; 2233; 2412; 2
2; 2H; >; 19; 267; 2; 2484; 2504; 2
2; 2H; >; 20; 266; 2; 2594; 2614; 2
2; 2H; >; 21; 265; 2; 2704; 2724; 2
2; 2H; >; 22; 250; 2; 2814; 2834; 2
2; 2H; >; 23; 233; 2; 2924; 2944; 2
2; 2H; >; 24; 232; 2; 3016; 3036; 2
2; 2H; >; 25; 231; 2; 3108; 3128; 2
2; 2H; >; 26; 249; 2; 3200; 3220; 2
2; 2H; >; 27; 263; 2; 3292; 3312; 2
2; 2H; >; 28; 281; 2; 3384; 3404; 2
2; 2H; >; 29; 295; 2; 3476; 3496; 2
2; 2H; >; 30; 294; 2; 3568; 3588; 2
2; 2H; >; 31; 293; 2; 60; 80; 2
2; 2H; >; 32; 292; 2; 152; 172; 2
2; 2H; >; 33; 291; 2; 244; 244; 2
2; 2R; <; 1; 291; 2; 312; 312; 1
2; 2R; <; 2; 292; 2; 384; 404; 1
2; 2R; <; 3; 293; 2; 476; 496; 1
2; 2R; <; 4; 294; 2; 568; 588; 1
2; 2R; <; 5; 295; 2; 660; 680; 1
2; 2R; <; 6; 281; 2; 752; 772; 1
2; 2R; <; 7; 263; 2; 844; 864; 1
2; 2R; <; 8; 249; 2; 936; 956; 1
2; 2R; <; 9; 231; 2; 1028; 1048; 1
2; 2R; <; 10; 232; 2; 1120; 1140; 1
2; 2R; <; 11; 233; 2; 1212; 1232; 1
2; 2R; <; 12; 250; 2; 1322; 1342; 1
2; 2R; <; 13; 265; 2; 1432; 1452; 1
2; 2R; <; 14; 266; 2; 1542; 1562; 1
2; 2R; <; 15; 267; 2; 1652; 1672; 1
2; 2R; <; 16; 283; 2; 1744; 1764; 1
2; 2R; <; 17; 299; 2; 1836; 1856; 1
2; 2R; <; 18; 315; 2; 1946; 1966; 1
2; 2R; <; 19; 331; 2; 2056; 2076; 1
2; 2R; <; 20; 332; 2; 2166; 2186; 1
2; 2R; <; 21; 333; 2; 2276; 2296; 1
2; 2R; <; 22; 316; 2; 2386; 2406; 1
2; 2R; <; 23; 301; 2; 2496; 2516; 1
2; 2R; <; 24; 284; 2; 2606; 2626; 1
2; 2R; <; 25; 269; 2; 2716; 2736; 1
2; 2R; <; 26; 270; 2; 2826; 2846; 1
2; 2R; <; 27; 271; 2; 2936; 2956; 1
2; 2R; <; 28; 285; 2; 3028; 3048; 1
2; 2R; <; 29; 303; 2; 3120; 3140; 1
2; 2R; <; 30; 304; 2; 3212; 3232; 1
2; 2R; <; 31; 305; 2; 3304; 3324; 1
2; 2R; <; 32; 306; 2; 3396; 3416; 1
2; 2R; <; 33; 307; 2; 3488; 3488; 1
2; 2R; <; 1; 291; 2; 2112; 2112; 2
2; 2R; <; 2; 292; 2; 2184; 2204; 2
2; 2R; <; 3; 293; 2; 2276; 2296; 2
2; 2R; <; 4; 294; 2; 2368; 2388; 2
2; 2R; <; 5; 295; 2; 2460; 2480; 2
2; 2R; <; 6; 281; 2; 2552; 2572; 2
2; 2R; <; 7; 263; 2; 2644; 2664; 2
2; 2R; <; 8; 249; 2; 2736; 2756; 2
2; 2R; <; 9; 231; 2; 2828; 2848; 2
2; 2R; <; 10; 232; 2; 2920; 2940; 2
2; 2R; <; 11; 233; 2; 3012; 3032; 2
2; 2R; <; 12; 250; 2; 3122; 3142; 2
2; 2R; <; 13; 265; 2; 3232; 3252; 2
2; 2R; <; 14; 266; 2; 3342; 3362; 2
2; 2R; <; 15; 267; 2; 3452; 3472; 2
2; 2R; <; 16; 283; 2; 3544; 3564; 2
2; 2R; <; 17; 299; 2; 36; 56; 2
2; 2R; <; 18; 315; 2; 146; 166; 2
2; 2R; <; 19; 331; 2; 256; 276; 2
2; 2R; <; 20; 332; 2; 366; 386; 2
2; 2R; <; 21; 333; 2; 476; 496; 2
2; 2R; <; 22; 316; 2; 586; 606; 2
2; 2R; <; 23; 301; 2; 696; 716; 2
2; 2R; <; 24; 284; 2; 806; 826; 2
2; 2R; <; 25; 269; 2; 916; 936; 2
2; 2R; <; 26; 270; 2; 1026; 1046; 2
2; 2R; <; 27; 271; 2; 1136; 1156; 2
2; 2R; <; 28; 285; 2; 1228; 1248; 2
2; 2R; <; 29; 303; 2; 1320; 1340; 2
2; 2R; <; 30; 304; 2; 1412; 1432; 2
2; 2R; <; 31; 305; 2; 1504; 1524; 2
2; 2R; <; 32; 306; 2; 1596; 1616; 2
2; 2R; <; 33; 307; 2; 1724; 1724; 2
3; 3H; >; 1; 51; 1; 2740; 2740; 1
3; 3H; >; 2; 63; 1; 2812; 2992; 1
3; 3H; >; 3; 83; 1; 3064; 3084; 1
3; 3H; >; 4; 95; 1; 3156; 3176; 1
3; 3H; >; 5; 115; 1; 3248; 3360; 1
3; 3H; >; 6; 127; 1; 3432; 3588; 1
3; 3H; >; 7; 147; 1; 60; 80; 1
3; 3H; >; 8; 146; 1; 170; 190; 1
3; 3H; >; 9; 145; 1; 280; 300; 1
3; 3H; >; 10; 144; 1; 390; 410; 1
3; 3H; >; 11; 143; 1; 500; 520; 1
3; 3H; >; 12; 125; 1; 592; 612; 1
3; 3H; >; 13; 111; 1; 684; 704; 1
3; 3H; >; 14; 110; 1; 776; 796; 1
3; 3H; >; 15; 109; 1; 868; 888; 1
3; 3H; >; 16; 92; 1; 978; 998; 1
3; 3H; >; 17; 77; 1; 1088; 1108; 1
3; 3H; >; 18; 60; 1; 1198; 1218; 1
3; 3H; >; 19; 45; 1; 1308; 1328; 1
3; 3H; >; 20; 44; 1; 1400; 1420; 1
3; 3H; >; 21; 43; 1; 1492; 1512; 1
3; 3H; >; 22; 42; 1; 1584; 1604; 1
3; 3H; >; 23; 41; 1; 1676; 1696; 1
3; 3H; >; 24; 40; 1; 1768; 1788; 1
3; 3H; >; 25; 39; 1; 1860; 1880; 1
3; 3H; >; 26; 38; 1; 1952; 1972; 1
3; 3H; >; 27; 37; 1; 2044; 2064; 1
3; 3H; >; 28; 24; 1; 2154; 2174; 1
3; 3H; >; 29; 5; 1; 2264; 2284; 1
3; 3H; >; 30; 4; 1; 2374; 2394; 1
3; 3H; >; 31; 3; 1; 2484; 2504; 1
3; 3H; >; 32; 23; 1; 2594; 2614; 1
3; 3H; >; 33; 35; 1; 2704; 2704; 1
3; 3R; <; 1; 35; 1; 212; 212; 1
3; 3R; <; 2; 23; 1; 302; 322; 1
3; 3R; <; 3; 3; 1; 412; 432; 1
3; 3R; <; 4; 4; 1; 522; 542; 1
3; 3R; <; 5; 5; 1; 632; 652; 1
3; 3R; <; 6; 24; 1; 742; 762; 1
3; 3R; <; 7; 37; 1; 852; 872; 1
3; 3R; <; 8; 38; 1; 944; 964; 1
3; 3R; <; 9; 39; 1; 1036; 1056; 1
3; 3R; <; 10; 40; 1; 1128; 1148; 1
3; 3R; <; 11; 41; 1; 1220; 1240; 1
3; 3R; <; 12; 42; 1; 1312; 1332; 1
3; 3R; <; 13; 43; 1; 1404; 1424; 1
3; 3R; <; 14; 44; 1; 1496; 1516; 1
3; 3R; <; 15; 45; 1; 1588; 1608; 1
3; 3R; <; 16; 60; 1; 1698; 1718; 1
3; 3R; <; 17; 77; 1; 1808; 1828; 1
3; 3R; <; 18; 92; 1; 1918; 1938; 1
3; 3R; <; 19; 109; 1; 2028; 2048; 1
3; 3R; <; 20; 110; 1; 2120; 2140; 1
3; 3R; <; 21; 111; 1; 2212; 2232; 1
3; 3R; <; 22; 125; 1; 2304; 2324; 1
3; 3R; <; 23; 143; 1; 2396; 2416; 1
3; 3R; <; 24; 144; 1; 2506; 2526; 1
3; 3R; <; 25; 145; 1; 2616; 2796; 1
3; 3R; <; 26; 146; 1; 2886; 2906; 1
3; 3R; <; 27; 147; 1; 2996; 3016; 1
3; 3R; <; 28; 127; 1; 3088; 3268; 1
3; 3R; <; 29; 115; 1; 3340; 3360; 1
3; 3R; <; 30; 95; 1; 3432; 3452; 1
3; 3R; <; 31; 83; 1; 3524; 3544; 1
3; 3R; <; 32; 63; 1; 16; 196; 1
3; 3R; <; 33; 51; 1; 268; 268; 1
5; 5H; >; 1; 179; 1; 1799; 1799; 1
5; 5H; >; 2; 178; 1; 1871; 1891; 1
5; 5H; >; 3; 177; 1; 1963; 2021; 1
5; 5H; >; 4; 158; 1; 2111; 2131; 1
5; 5H; >; 5; 145; 1; 2221; 2241; 1
5; 5H; >; 6; 126; 1; 2331; 2351; 1
5; 5H; >; 7; 113; 1; 2441; 2461; 1
5; 5H; >; 8; 112; 1; 2533; 2713; 1
5; 5H; >; 9; 111; 1; 2821; 3001; 1
5; 5H; >; 10; 110; 1; 3109; 3289; 1
5; 5H; >; 11; 109; 1; 3389; 3569; 1
5; 5H; >; 12; 92; 1; 59; 79; 1
5; 5H; >; 13; 77; 1; 169; 189; 1
5; 5H; >; 14; 60; 1; 279; 299; 1
5; 5H; >; 15; 45; 1; 389; 409; 1
5; 5H; >; 16; 46; 1; 481; 501; 1
5; 5H; >; 17; 47; 1; 573; 593; 1
5; 5H; >; 18; 48; 1; 665; 685; 1
5; 5H; >; 19; 49; 1; 757; 777; 1
5; 5H; >; 20; 30; 1; 912; 932; 1
5; 5H; >; 21; 17; 1; 1022; 1042; 1
5; 5H; >; 22; 18; 1; 1177; 1357; 1
5; 5H; >; 23; 19; 1; 1492; 1672; 1
5; 5H; >; 24; 20; 1; 1807; 1827; 1
5; 5H; >; 25; 21; 1; 1917; 1937; 1
5; 5H; >; 26; 32; 1; 2027; 2047; 1
5; 5H; >; 27; 53; 1; 2137; 2315; 1
5; 5H; >; 28; 52; 1; 2450; 2470; 1
5; 5H; >; 29; 51; 1; 2560; 2560; 1
5; 5R; <; 1; 51; 1; 3140; 3140; 1
5; 5R; <; 2; 52; 1; 3230; 3250; 1
5; 5R; <; 3; 53; 1; 3340; 3360; 1
5; 5R; <; 4; 32; 1; 3450; 3470; 1
5; 5R; <; 5; 21; 1; 3560; 3580; 1
5; 5R; <; 6; 20; 1; 70; 90; 1
5; 5R; <; 7; 19; 1; 180; 200; 1
5; 5R; <; 8; 18; 1; 290; 310; 1
5; 5R; <; 9; 17; 1; 400; 420; 1
5; 5R; <; 10; 30; 1; 510; 530; 1
5; 5R; <; 11; 49; 1; 620; 640; 1
5; 5R; <; 12; 48; 1; 712; 892; 1
5; 5R; <; 13; 47; 1; 964; 984; 1
5; 5R; <; 14; 46; 1; 1056; 1076; 1
5; 5R; <; 15; 45; 1; 1148; 1168; 1
5; 5R; <; 16; 60; 1; 1258; 1278; 1
5; 5R; <; 17; 77; 1; 1368; 1388; 1
5; 5R; <; 18; 92; 1; 1478; 1498; 1
5; 5R; <; 19; 109; 1; 1589; 1769; 1
5; 5R; <; 20; 110; 1; 1841; 1861; 1
5; 5R; <; 21; 111; 1; 1933; 1953; 1
5; 5R; <; 22; 112; 1; 2025; 2045; 1
5; 5R; <; 23; 113; 1; 2117; 2137; 1
5; 5R; <; 24; 126; 1; 2227; 2247; 1
5; 5R; <; 25; 145; 1; 2337; 2357; 1
5; 5R; <; 26; 158; 1; 2447; 2467; 1
5; 5R; <; 27; 177; 1; 2557; 2577; 1
5; 5R; <; 28; 178; 1; 2649; 2669; 1
5; 5R; <; 29; 179; 1; 2741; 2741; 1
6; 6H; >; 1; 171; 1; 1472; 1472; 1
6; 6H; >; 2; 170; 1; 1544; 1564; 1
6; 6H; >; 3; 169; 1; 1636; 1656; 1
6; 6H; >; 4; 168; 1; 1728; 1748; 1
6; 6H; >; 5; 167; 1; 1820; 1840; 1
6; 6H; >; 6; 153; 1; 1912; 1932; 1
6; 6H; >; 7; 135; 1; 2004; 2024; 1
6; 6H; >; 8; 121; 1; 2096; 2116; 1
6; 6H; >; 9; 103; 1; 2188; 2208; 1
6; 6H; >; 10; 104; 1; 2280; 2300; 1
6; 6H; >; 11; 105; 1; 2372; 2392; 1
6; 6H; >; 12; 90; 1; 2482; 2502; 1
6; 6H; >; 13; 73; 1; 2592; 2612; 1
6; 6H; >; 14; 72; 1; 2702; 2722; 1
6; 6H; >; 15; 71; 1; 2812; 2832; 1
6; 6H; >; 16; 57; 1; 2904; 2924; 1
6; 6H; >; 17; 39; 1; 2996; 3016; 1
6; 6H; >; 18; 25; 1; 3106; 3126; 1
6; 6H; >; 19; 7; 1; 3216; 3236; 1
6; 6H; >; 20; 6; 1; 3326; 3346; 1
6; 6H; >; 21; 5; 1; 3436; 3456; 1
6; 6H; >; 22; 4; 1; 3546; 3566; 1
6; 6H; >; 23; 3; 1; 56; 76; 1
6; 6H; >; 24; 2; 1; 166; 186; 1
6; 6H; >; 25; 1; 1; 276; 296; 1
6; 6H; >; 26; 22; 1; 386; 406; 1
6; 6H; >; 27; 33; 1; 496; 516; 1
6; 6H; >; 28; 34; 1; 606; 626; 1
6; 6H; >; 29; 35; 1; 716; 716; 1
6; 6R; <; 1; 35; 1; 432; 432; 1
6; 6R; <; 2; 34; 1; 522; 542; 1
6; 6R; <; 3; 33; 1; 632; 652; 1
6; 6R; <; 4; 22; 1; 742; 762; 1
6; 6R; <; 5; 1; 1; 852; 872; 1
6; 6R; <; 6; 2; 1; 962; 982; 1
6; 6R; <; 7; 3; 1; 1072; 1092; 1
6; 6R; <; 8; 4; 1; 1182; 1202; 1
6; 6R; <; 9; 5; 1; 1292; 1312; 1
6; 6R; <; 10; 6; 1; 1402; 1422; 1
6; 6R; <; 11; 7; 1; 1512; 1532; 1
6; 6R; <; 12; 25; 1; 1622; 1642; 1
6; 6R; <; 13; 39; 1; 1732; 1752; 1
6; 6R; <; 14; 57; 1; 1824; 1844; 1
6; 6R; <; 15; 71; 1; 1916; 1936; 1
6; 6R; <; 16; 72; 1; 2026; 2046; 1
6; 6R; <; 17; 73; 1; 2136; 2156; 1
6; 6R; <; 18; 90; 1; 2246; 2266; 1
6; 6R; <; 19; 105; 1; 2356; 2376; 1
6; 6R; <; 20; 104; 1; 2448; 2468; 1
6; 6R; <; 21; 103; 1; 2540; 2560; 1
6; 6R; <; 22; 121; 1; 2632; 2652; 1
6; 6R; <; 23; 135; 1; 2724; 2744; 1
6; 6R; <; 24; 153; 1; 2816; 2836; 1
6; 6R; <; 25; 167; 1; 2908; 2928; 1
6; 6R; <; 26; 168; 1; 3000; 3020; 1
6; 6R; <; 27; 169; 1; 3092; 3112; 1
6; 6R; <; 28; 170; 1; 3184; 3204; 1
6; 6R; <; 29; 171; 1; 3276; 3276; 1
7; 7H; >; 1; 179; 3; 880; 880; 1
7; 7H; >; 2; 159; 3; 952; 1005; 1
7; 7H; >; 3; 147; 3; 1077; 1097; 1
7; 7H; >; 4; 146; 3; 1187; 1207; 1
7; 7H; >; 5; 145; 3; 1297; 1317; 1
7; 7H; >; 6; 144; 3; 1407; 1427; 1
7; 7H; >; 7; 143; 3; 1517; 1537; 1
7; 7H; >; 8; 157; 3; 1609; 1629; 1
7; 7H; >; 9; 175; 3; 1701; 1721; 1
7; 7H; >; 10; 174; 3; 1793; 1840; 1
7; 7H; >; 11; 173; 3; 1912; 1976; 1
7; 7H; >; 12; 188; 3; 2066; 2086; 1
7; 7H; >; 13; 205; 3; 2176; 2196; 1
7; 7H; >; 14; 220; 3; 2286; 2306; 1
7; 7H; >; 15; 237; 3; 2396; 2416; 1
7; 7H; >; 16; 236; 3; 2488; 2508; 1
7; 7H; >; 17; 235; 3; 2580; 2600; 1
7; 7H; >; 18; 234; 3; 2672; 2692; 1
7; 7H; >; 19; 233; 3; 2764; 2784; 1
7; 7H; >; 20; 232; 3; 2856; 2876; 1
7; 7H; >; 21; 231; 3; 2948; 2968; 1
7; 7H; >; 22; 217; 3; 3040; 3060; 1
7; 7H; >; 23; 199; 3; 3132; 3152; 1
7; 7H; >; 24; 198; 3; 3242; 3262; 1
7; 7H; >; 25; 197; 3; 3352; 3372; 1
7; 7H; >; 26; 196; 3; 3462; 3482; 1
7; 7H; >; 27; 195; 3; 3572; 3592; 1
7; 7H; >; 28; 183; 3; 64; 244; 1
7; 7H; >; 29; 163; 3; 352; 352; 1
7; 7H; >; 1; 179; 3; 2080; 2080; 2
7; 7H; >; 2; 159; 3; 2185; 2205; 2
7; 7H; >; 3; 147; 3; 2277; 2297; 2
7; 7H; >; 4; 146; 3; 2387; 2407; 2
7; 7H; >; 5; 145; 3; 2497; 2517; 2
7; 7H; >; 6; 144; 3; 2607; 2627; 2
7; 7H; >; 7; 143; 3; 2717; 2737; 2
7; 7H; >; 8; 157; 3; 2809; 2829; 2
7; 7H; >; 9; 175; 3; 2901; 2921; 2
7; 7H; >; 10; 174; 3; 2993; 3040; 2
7; 7H; >; 11; 173; 3; 3148; 3176; 2
7; 7H; >; 12; 188; 3; 3266; 3286; 2
7; 7H; >; 13; 205; 3; 3376; 3396; 2
7; 7H; >; 14; 220; 3; 3486; 3506; 2
7; 7H; >; 15; 237; 3; 3596; 16; 2
7; 7H; >; 16; 236; 3; 88; 108; 2
7; 7H; >; 17; 235; 3; 180; 200; 2
7; 7H; >; 18; 234; 3; 272; 292; 2
7; 7H; >; 19; 233; 3; 364; 384; 2
7; 7H; >; 20; 232; 3; 456; 476; 2
7; 7H; >; 21; 231; 3; 548; 568; 2
7; 7H; >; 22; 217; 3; 640; 660; 2
7; 7H; >; 23; 199; 3; 732; 752; 2
7; 7H; >; 24; 198; 3; 842; 862; 2
7; 7H; >; 25; 197; 3; 952; 972; 2
7; 7H; >; 26; 196; 3; 1062; 1082; 2
7; 7H; >; 27; 195; 3; 1172; 1192; 2
7; 7H; >; 28; 183; 3; 1264; 1444; 2
7; 7H; >; 29; 163; 3; 1516; 1516; 2
7; 7H; >; 1; 179; 3; 3280; 3280; 3
7; 7H; >; 2; 159; 3; 3352; 3405; 3
7; 7H; >; 3; 147; 3; 3477; 3497; 3
7; 7H; >; 4; 146; 3; 3587; 7; 3
7; 7H; >; 5; 145; 3; 97; 117; 3
7; 7H; >; 6; 144; 3; 207; 227; 3
7; 7H; >; 7; 143; 3; 317; 337; 3
7; 7H; >; 8; 157; 3; 409; 429; 3
7; 7H; >; 9; 175; 3; 501; 521; 3
7; 7H; >; 10; 174; 3; 593; 640; 3
7; 7H; >; 11; 173; 3; 712; 776; 3
7; 7H; >; 12; 188; 3; 866; 886; 3
7; 7H; >; 13; 205; 3; 976; 996; 3
7; 7H; >; 14; 220; 3; 1086; 1106; 3
7; 7H; >; 15; 237; 3; 1196; 1216; 3
7; 7H; >; 16; 236; 3; 1288; 1308; 3
7; 7H; >; 17; 235; 3; 1380; 1400; 3
7; 7H; >; 18; 234; 3; 1472; 1492; 3
7; 7H; >; 19; 233; 3; 1564; 1584; 3
7; 7H; >; 20; 232; 3; 1656; 1676; 3
7; 7H; >; 21; 231; 3; 1748; 1768; 3
7; 7H; >; 22; 217; 3; 1840; 1860; 3
7; 7H; >; 23; 199; 3; 1932; 1952; 3
7; 7H; >; 24; 198; 3; 2042; 2062; 3
7; 7H; >; 25; 197; 3; 2152; 2172; 3
7; 7H; >; 26; 196; 3; 2262; 2282; 3
7; 7H; >; 27; 195; 3; 2372; 2392; 3
7; 7H; >; 28; 183; 3; 2464; 2644; 3
7; 7H; >; 29; 163; 3; 2716; 2716; 3
7; 7R; <; 1; 163; 3; 246; 246; 1
7; 7R; <; 2; 183; 3; 318; 338; 1
7; 7R; <; 3; 195; 3; 410; 430; 1
7; 7R; <; 4; 196; 3; 520; 540; 1
7; 7R; <; 5; 197; 3; 630; 650; 1
7; 7R; <; 6; 198; 3; 740; 760; 1
7; 7R; <; 7; 199; 3; 850; 872; 1
7; 7R; <; 8; 217; 3; 944; 964; 1
7; 7R; <; 9; 231; 3; 1072; 1252; 1
7; 7R; <; 10; 232; 3; 1324; 1504; 1
7; 7R; <; 11; 233; 3; 1576; 1596; 1
7; 7R; <; 12; 234; 3; 1668; 1764; 1
7; 7R; <; 13; 235; 3; 1836; 1856; 1
7; 7R; <; 14; 236; 3; 1928; 1948; 1
7; 7R; <; 15; 237; 3; 2020; 2040; 1
7; 7R; <; 16; 220; 3; 2130; 2158; 1
7; 7R; <; 17; 205; 3; 2248; 2268; 1
7; 7R; <; 18; 188; 3; 2358; 2378; 1
7; 7R; <; 19; 173; 3; 2513; 2533; 1
7; 7R; <; 20; 174; 3; 2605; 2625; 1
7; 7R; <; 21; 175; 3; 2697; 2717; 1
7; 7R; <; 22; 157; 3; 2789; 2809; 1
7; 7R; <; 23; 143; 3; 2881; 2901; 1
7; 7R; <; 24; 144; 3; 2991; 3011; 1
7; 7R; <; 25; 145; 3; 3101; 3121; 1
7; 7R; <; 26; 146; 3; 3211; 3231; 1
7; 7R; <; 27; 147; 3; 3321; 3341; 1
7; 7R; <; 28; 159; 3; 3413; 3477; 1
7; 7R; <; 29; 179; 3; 3549; 3549; 1
7; 7R; <; 1; 163; 3; 1446; 1446; 2
7; 7R; <; 2; 183; 3; 1518; 1538; 2
7; 7R; <; 3; 195; 3; 1610; 1630; 2
7; 7R; <; 4; 196; 3; 1720; 1740; 2
7; 7R; <; 5; 197; 3; 1830; 1850; 2
7; 7R; <; 6; 198; 3; 1940; 1960; 2
7; 7R; <; 7; 199; 3; 2050; 2072; 2
7; 7R; <; 8; 217; 3; 2144; 2164; 2
7; 7R; <; 9; 231; 3; 2272; 2452; 2
7; 7R; <; 10; 232; 3; 2524; 2704; 2
7; 7R; <; 11; 233; 3; 2776; 2796; 2
7; 7R; <; 12; 234; 3; 2868; 2964; 2
7; 7R; <; 13; 235; 3; 3036; 3056; 2
7; 7R; <; 14; 236; 3; 3128; 3148; 2
7; 7R; <; 15; 237; 3; 3220; 3240; 2
7; 7R; <; 16; 220; 3; 3338; 3358; 2
7; 7R; <; 17; 205; 3; 3448; 3468; 2
7; 7R; <; 18; 188; 3; 3558; 3578; 2
7; 7R; <; 19; 173; 3; 113; 133; 2
7; 7R; <; 20; 174; 3; 205; 225; 2
7; 7R; <; 21; 175; 3; 297; 317; 2
7; 7R; <; 22; 157; 3; 389; 409; 2
7; 7R; <; 23; 143; 3; 481; 501; 2
7; 7R; <; 24; 144; 3; 591; 611; 2
7; 7R; <; 25; 145; 3; 701; 721; 2
7; 7R; <; 26; 146; 3; 811; 831; 2
7; 7R; <; 27; 147; 3; 921; 941; 2
7; 7R; <; 28; 159; 3; 1013; 1077; 2
7; 7R; <; 29; 179; 3; 1185; 1185; 2
7; 7R; <; 1; 163; 3; 2646; 2646; 3
7; 7R; <; 2; 183; 3; 2718; 2738; 3
7; 7R; <; 3; 195; 3; 2810; 2830; 3
7; 7R; <; 4; 196; 3; 2920; 2940; 3
7; 7R; <; 5; 197; 3; 3030; 3050; 3
7; 7R; <; 6; 198; 3; 3140; 3160; 3
7; 7R; <; 7; 199; 3; 3250; 3272; 3
7; 7R; <; 8; 217; 3; 3344; 3364; 3
7; 7R; <; 9; 231; 3; 3472; 52; 3
7; 7R; <; 10; 232; 3; 124; 304; 3
7; 7R; <; 11; 233; 3; 376; 396; 3
7; 7R; <; 12; 234; 3; 468; 564; 3
7; 7R; <; 13; 235; 3; 636; 656; 3
7; 7R; <; 14; 236; 3; 728; 748; 3
7; 7R; <; 15; 237; 3; 820; 840; 3
7; 7R; <; 16; 220; 3; 930; 958; 3
7; 7R; <; 17; 205; 3; 1048; 1068; 3
7; 7R; <; 18; 188; 3; 1158; 1178; 3
7; 7R; <; 19; 173; 3; 1268; 1333; 3
7; 7R; <; 20; 174; 3; 1405; 1425; 3
7; 7R; <; 21; 175; 3; 1497; 1517; 3
7; 7R; <; 22; 157; 3; 1589; 1609; 3
7; 7R; <; 23; 143; 3; 1681; 1701; 3
7; 7R; <; 24; 144; 3; 1791; 1811; 3
7; 7R; <; 25; 145; 3; 1901; 1921; 3
7; 7R; <; 26; 146; 3; 2011; 2031; 3
7; 7R; <; 27; 147; 3; 2121; 2141; 3
7; 7R; <; 28; 159; 3; 2213; 2277; 3
7; 7R; <; 29; 179; 3; 2349; 2349; 3
9; 9H; >; 1; 307; 1; 1216; 1216; 1
9; 9H; >; 2; 306; 1; 1288; 1308; 1
9; 9H; >; 3; 305; 1; 1380; 1400; 1
9; 9H; >; 4; 304; 1; 1472; 1492; 1
9; 9H; >; 5; 303; 1; 1564; 1584; 1
9; 9H; >; 6; 302; 1; 1656; 1676; 1
9; 9H; >; 7; 301; 1; 1748; 1768; 1
9; 9H; >; 8; 300; 1; 1840; 1860; 1
9; 9H; >; 9; 299; 1; 1932; 1952; 1
9; 9H; >; 10; 298; 1; 2024; 2044; 1
9; 9H; >; 11; 297; 1; 2116; 2136; 1
9; 9H; >; 12; 296; 1; 2208; 2228; 1
9; 9H; >; 13; 295; 1; 2300; 2320; 1
9; 9H; >; 14; 281; 1; 2392; 2412; 1
9; 9H; >; 15; 263; 1; 2484; 2504; 1
9; 9H; >; 16; 262; 1; 2594; 2614; 1
9; 9H; >; 17; 261; 1; 2704; 2724; 1
9; 9H; >; 18; 280; 1; 2814; 2834; 1
9; 9H; >; 19; 293; 1; 2924; 2944; 1
9; 9H; >; 20; 312; 1; 3034; 3054; 1
9; 9H; >; 21; 325; 1; 3144; 3164; 1
9; 9H; >; 22; 324; 1; 3254; 3274; 1
9; 9H; >; 23; 323; 1; 3364; 3384; 1
9; 9H; >; 24; 311; 1; 3474; 3494; 1
9; 9H; >; 25; 291; 1; 3584; 3584; 1
9; 9R; <; 1; 291; 1; 2372; 2372; 1
9; 9R; <; 2; 311; 1; 2462; 2482; 1
9; 9R; <; 3; 323; 1; 2572; 2592; 1
9; 9R; <; 4; 324; 1; 2682; 2702; 1
9; 9R; <; 5; 325; 1; 2792; 2812; 1
9; 9R; <; 6; 312; 1; 2902; 2922; 1
9; 9R; <; 7; 293; 1; 3012; 3032; 1
9; 9R; <; 8; 280; 1; 3122; 3142; 1
9; 9R; <; 9; 261; 1; 3232; 3252; 1
9; 9R; <; 10; 262; 1; 3342; 3362; 1
9; 9R; <; 11; 263; 1; 3452; 3472; 1
9; 9R; <; 12; 281; 1; 3544; 3564; 1
9; 9R; <; 13; 295; 1; 36; 56; 1
9; 9R; <; 14; 296; 1; 128; 148; 1
9; 9R; <; 15; 297; 1; 220; 240; 1
9; 9R; <; 16; 298; 1; 312; 332; 1
9; 9R; <; 17; 299; 1; 404; 424; 1
9; 9R; <; 18; 300; 1; 496; 516; 1
9; 9R; <; 19; 301; 1; 588; 608; 1
9; 9R; <; 20; 302; 1; 680; 700; 1
9; 9R; <; 21; 303; 1; 772; 792; 1
9; 9R; <; 22; 304; 1; 864; 884; 1
9; 9R; <; 23; 305; 1; 956; 976; 1
9; 9R; <; 24; 306; 1; 1048; 1068; 1
9; 9R; <; 25; 307; 1; 1140; 1140; 1
12; 12H; >; 1; 179; 1; 3280; 3280; 1
12; 12H; >; 2; 159; 1; 3356; 3376; 1
12; 12H; >; 3; 147; 1; 3448; 3468; 1
12; 12H; >; 4; 146; 1; 3558; 30; 1
12; 12H; >; 5; 145; 1; 120; 140; 1
12; 12H; >; 6; 144; 1; 230; 250; 1
12; 12H; >; 7; 143; 1; 340; 360; 1
12; 12H; >; 8; 125; 1; 432; 452; 1
12; 12H; >; 9; 111; 1; 524; 544; 1
12; 12H; >; 10; 110; 1; 616; 796; 1
12; 12H; >; 11; 109; 1; 868; 888; 1
12; 12H; >; 12; 92; 1; 978; 998; 1
12; 12H; >; 13; 77; 1; 1088; 1108; 1
12; 12H; >; 14; 60; 1; 1198; 1218; 1
12; 12H; >; 15; 45; 1; 1308; 1328; 1
12; 12H; >; 16; 44; 1; 1400; 1420; 1
12; 12H; >; 17; 43; 1; 1492; 1512; 1
12; 12H; >; 18; 59; 1; 1584; 1604; 1
12; 12H; >; 19; 75; 1; 1676; 1696; 1
12; 12H; >; 20; 91; 1; 1768; 1788; 1
12; 12H; >; 21; 107; 1; 1860; 1880; 1
12; 12H; >; 22; 123; 1; 1952; 1972; 1
12; 12H; >; 23; 139; 1; 2044; 2064; 1
12; 12H; >; 24; 155; 1; 2136; 2156; 1
12; 12H; >; 25; 171; 1; 2228; 2228; 1
12; 12R; <; 1; 171; 1; 895; 895; 1
12; 12R; <; 2; 155; 1; 1003; 1183; 1
12; 12R; <; 3; 139; 1; 1255; 1401; 1
12; 12R; <; 4; 123; 1; 1473; 1493; 1
12; 12R; <; 5; 107; 1; 1565; 1585; 1
12; 12R; <; 6; 91; 1; 1657; 1677; 1
12; 12R; <; 7; 75; 1; 1749; 1769; 1
12; 12R; <; 8; 59; 1; 1841; 1861; 1
12; 12R; <; 9; 43; 1; 1933; 1953; 1
12; 12R; <; 10; 44; 1; 2025; 2045; 1
12; 12R; <; 11; 45; 1; 2117; 2137; 1
12; 12R; <; 12; 60; 1; 2227; 2247; 1
12; 12R; <; 13; 77; 1; 2337; 2357; 1
12; 12R; <; 14; 92; 1; 2447; 2467; 1
12; 12R; <; 15; 109; 1; 2557; 2577; 1
12; 12R; <; 16; 110; 1; 2649; 2669; 1
12; 12R; <; 17; 111; 1; 2741; 2761; 1
12; 12R; <; 18; 125; 1; 2833; 2853; 1
12; 12R; <; 19; 143; 1; 2925; 2945; 1
12; 12R; <; 20; 144; 1; 3035; 3055; 1
12; 12R; <; 21; 145; 1; 3145; 3165; 1
12; 12R; <; 22; 146; 1; 3255; 3275; 1
12; 12R; <; 23; 147; 1; 3365; 3385; 1
12; 12R; <; 24; 159; 1; 3457; 3477; 1
12; 12R; <; 25; 179; 1; 3549; 3549; 1
13; 13H; >; 1; 307; 1; 3428; 3428; 1
13; 13H; >; 2; 319; 1; 3518; 3538; 1
13; 13H; >; 3; 339; 1; 28; 48; 1
13; 13H; >; 4; 338; 1; 138; 158; 1
13; 13H; >; 5; 337; 1; 248; 268; 1
13; 13H; >; 6; 336; 1; 358; 378; 1
13; 13H; >; 7; 335; 1; 468; 488; 1
13; 13H; >; 8; 334; 1; 578; 598; 1
13; 13H; >; 9; 333; 1; 688; 708; 1
13; 13H; >; 10; 316; 1; 798; 818; 1
13; 13H; >; 11; 301; 1; 908; 928; 1
13; 13H; >; 12; 284; 1; 1018; 1038; 1
13; 13H; >; 13; 269; 1; 1128; 1148; 1
13; 13H; >; 14; 270; 1; 1238; 1258; 1
13; 13H; >; 15; 271; 1; 1348; 1368; 1
13; 13H; >; 16; 253; 1; 1476; 1656; 1
13; 13H; >; 17; 239; 1; 1764; 1944; 1
13; 13H; >; 18; 240; 1; 2016; 2036; 1
13; 13H; >; 19; 241; 1; 2108; 2128; 1
13; 13H; >; 20; 242; 1; 2200; 2380; 1
13; 13H; >; 21; 243; 1; 2488; 2488; 1
13; 13R; <; 1; 243; 1; 1825; 1825; 1
13; 13R; <; 2; 242; 1; 1897; 1917; 1
13; 13R; <; 3; 241; 1; 1989; 2009; 1
13; 13R; <; 4; 240; 1; 2081; 2101; 1
13; 13R; <; 5; 239; 1; 2173; 2193; 1
13; 13R; <; 6; 253; 1; 2265; 2285; 1
13; 13R; <; 7; 271; 1; 2357; 2377; 1
13; 13R; <; 8; 270; 1; 2467; 2487; 1
13; 13R; <; 9; 269; 1; 2577; 2597; 1
13; 13R; <; 10; 284; 1; 2687; 2707; 1
13; 13R; <; 11; 301; 1; 2797; 2817; 1
13; 13R; <; 12; 316; 1; 2907; 2927; 1
13; 13R; <; 13; 333; 1; 3017; 3037; 1
13; 13R; <; 14; 334; 1; 3127; 3147; 1
13; 13R; <; 15; 335; 1; 3237; 3257; 1
13; 13R; <; 16; 336; 1; 3347; 3367; 1
13; 13R; <; 17; 337; 1; 3457; 3477; 1
13; 13R; <; 18; 338; 1; 3567; 3587; 1
13; 13R; <; 19; 339; 1; 77; 97; 1
13; 13R; <; 20; 319; 1; 187; 207; 1
13; 13R; <; 21; 307; 1; 297; 297; 1
14; 14H; >; 1; 307; 1; 3080; 3080; 1
14; 14H; >; 2; 306; 1; 3152; 3172; 1
14; 14H; >; 3; 305; 1; 3244; 3264; 1
14; 14H; >; 4; 304; 1; 3336; 3356; 1
14; 14H; >; 5; 303; 1; 3428; 3448; 1
14; 14H; >; 6; 302; 1; 3520; 3540; 1
14; 14H; >; 7; 301; 1; 12; 32; 1
14; 14H; >; 8; 300; 1; 104; 124; 1
14; 14H; >; 9; 299; 1; 196; 216; 1
14; 14H; >; 10; 298; 1; 288; 308; 1
14; 14H; >; 11; 297; 1; 380; 400; 1
14; 14H; >; 12; 282; 1; 490; 510; 1
14; 14H; >; 13; 265; 1; 600; 620; 1
14; 14H; >; 14; 250; 1; 710; 730; 1
14; 14H; >; 15; 233; 1; 820; 840; 1
14; 14H; >; 16; 218; 1; 930; 950; 1
14; 14H; >; 17; 201; 1; 1040; 1060; 1
14; 14H; >; 18; 186; 1; 1150; 1170; 1
14; 14H; >; 19; 169; 1; 1260; 1280; 1
14; 14H; >; 20; 170; 1; 1352; 1372; 1
14; 14H; >; 21; 171; 1; 1444; 1444; 1
14; 14R; <; 1; 171; 1; 2553; 2553; 1
14; 14R; <; 2; 170; 1; 2625; 2645; 1
14; 14R; <; 3; 169; 1; 2717; 2737; 1
14; 14R; <; 4; 186; 1; 2827; 2847; 1
14; 14R; <; 5; 201; 1; 2937; 2957; 1
14; 14R; <; 6; 218; 1; 3047; 3067; 1
14; 14R; <; 7; 233; 1; 3157; 3177; 1
14; 14R; <; 8; 250; 1; 3267; 3287; 1
14; 14R; <; 9; 265; 1; 3377; 3397; 1
14; 14R; <; 10; 282; 1; 3487; 3507; 1
14; 14R; <; 11; 297; 1; 3597; 17; 1
14; 14R; <; 12; 298; 1; 89; 109; 1
14; 14R; <; 13; 299; 1; 181; 201; 1
14; 14R; <; 14; 300; 1; 273; 293; 1
14; 14R; <; 15; 301; 1; 365; 385; 1
14; 14R; <; 16; 302; 1; 457; 477; 1
14; 14R; <; 17; 303; 1; 549; 569; 1
14; 14R; <; 18; 304; 1; 641; 661; 1
14; 14R; <; 19; 305; 1; 733; 753; 1
14; 14R; <; 20; 306; 1; 825; 1005; 1
14; 14R; <; 21; 307; 1; 1113; 1113; 1
15; 15H; >; 1; 307; 2; 1544; 1544; 1
15; 15H; >; 2; 306; 2; 1616; 1636; 1
15; 15H; >; 3; 305; 2; 1708; 1728; 1
15; 15H; >; 4; 286; 2; 1818; 1838; 1
15; 15H; >; 5; 273; 2; 1928; 1948; 1
15; 15H; >; 6; 272; 2; 2038; 2058; 1
15; 15H; >; 7; 271; 2; 2148; 2168; 1
15; 15H; >; 8; 253; 2; 2240; 2260; 1
15; 15H; >; 9; 239; 2; 2332; 2352; 1
15; 15H; >; 10; 238; 2; 2424; 2445; 1
15; 15H; >; 11; 237; 2; 2517; 2537; 1
15; 15H; >; 12; 252; 2; 2627; 2647; 1
15; 15H; >; 13; 269; 2; 2737; 2757; 1
15; 15H; >; 14; 268; 2; 2847; 2867; 1
15; 15H; >; 15; 267; 2; 2957; 2977; 1
15; 15H; >; 16; 251; 2; 3049; 3069; 1
15; 15H; >; 17; 235; 2; 3141; 3161; 1
15; 15H; >; 18; 219; 2; 3233; 3253; 1
15; 15H; >; 19; 203; 2; 3325; 3345; 1
15; 15H; >; 20; 187; 2; 3417; 3437; 1
15; 15H; >; 21; 171; 2; 3545; 3545; 1
15; 15H; >; 1; 307; 2; 3344; 3344; 2
15; 15H; >; 2; 306; 2; 3416; 3436; 2
15; 15H; >; 3; 305; 2; 3508; 3528; 2
15; 15H; >; 4; 286; 2; 18; 38; 2
15; 15H; >; 5; 273; 2; 128; 148; 2
15; 15H; >; 6; 272; 2; 238; 258; 2
15; 15H; >; 7; 271; 2; 348; 368; 2
15; 15H; >; 8; 253; 2; 440; 460; 2
15; 15H; >; 9; 239; 2; 532; 552; 2
15; 15H; >; 10; 238; 2; 624; 645; 2
15; 15H; >; 11; 237; 2; 717; 737; 2
15; 15H; >; 12; 252; 2; 827; 847; 2
15; 15H; >; 13; 269; 2; 937; 957; 2
15; 15H; >; 14; 268; 2; 1047; 1067; 2
15; 15H; >; 15; 267; 2; 1157; 1177; 2
15; 15H; >; 16; 251; 2; 1249; 1269; 2
15; 15H; >; 17; 235; 2; 1341; 1361; 2
15; 15H; >; 18; 219; 2; 1433; 1453; 2
15; 15H; >; 19; 203; 2; 1525; 1545; 2
15; 15H; >; 20; 187; 2; 1617; 1637; 2
15; 15H; >; 21; 171; 2; 1745; 1745; 2
15; 15R; <; 1; 171; 2; 2408; 2408; 1
15; 15R; <; 2; 187; 2; 2480; 2500; 1
15; 15R; <; 3; 203; 2; 2572; 2592; 1
15; 15R; <; 4; 219; 2; 2664; 2684; 1
15; 15R; <; 5; 235; 2; 2756; 2776; 1
15; 15R; <; 6; 251; 2; 2848; 2868; 1
15; 15R; <; 7; 267; 2; 2940; 2960; 1
15; 15R; <; 8; 268; 2; 3050; 3070; 1
15; 15R; <; 9; 269; 2; 3160; 3180; 1
15; 15R; <; 10; 252; 2; 3270; 3290; 1
15; 15R; <; 11; 237; 2; 3380; 3400; 1
15; 15R; <; 12; 238; 2; 3472; 3492; 1
15; 15R; <; 13; 239; 2; 3564; 3584; 1
15; 15R; <; 14; 253; 2; 56; 191; 1
15; 15R; <; 15; 271; 2; 263; 283; 1
15; 15R; <; 16; 272; 2; 373; 393; 1
15; 15R; <; 17; 273; 2; 528; 708; 1
15; 15R; <; 18; 286; 2; 798; 818; 1
15; 15R; <; 19; 305; 2; 908; 928; 1
15; 15R; <; 20; 306; 2; 1000; 1180; 1
15; 15R; <; 21; 307; 2; 1252; 1252; 1
15; 15R; <; 1; 171; 2; 608; 608; 2
15; 15R; <; 2; 187; 2; 680; 700; 2
15; 15R; <; 3; 203; 2; 772; 792; 2
15; 15R; <; 4; 219; 2; 864; 884; 2
15; 15R; <; 5; 235; 2; 956; 976; 2
15; 15R; <; 6; 251; 2; 1048; 1068; 2
15; 15R; <; 7; 267; 2; 1140; 1160; 2
15; 15R; <; 8; 268; 2; 1250; 1270; 2
15; 15R; <; 9; 269; 2; 1360; 1380; 2
15; 15R; <; 10; 252; 2; 1470; 1490; 2
15; 15R; <; 11; 237; 2; 1580; 1600; 2
15; 15R; <; 12; 238; 2; 1672; 1692; 2
15; 15R; <; 13; 239; 2; 1764; 1784; 2
15; 15R; <; 14; 253; 2; 1856; 1991; 2
15; 15R; <; 15; 271; 2; 2063; 2083; 2
15; 15R; <; 16; 272; 2; 2173; 2193; 2
15; 15R; <; 17; 273; 2; 2328; 2508; 2
15; 15R; <; 18; 286; 2; 2598; 2618; 2
15; 15R; <; 19; 305; 2; 2708; 2728; 2
15; 15R; <; 20; 306; 2; 2800; 2980; 2
15; 15R; <; 21; 307; 2; 3088; 3088; 2
16; 16H; >; 1; 227; 1; 1215; 1215; 1
16; 16H; >; 2; 247; 1; 1287; 1308; 1
16; 16H; >; 3; 259; 1; 1380; 1461; 1
16; 16H; >; 4; 279; 1; 1533; 1556; 1
16; 16H; >; 5; 291; 1; 1628; 1648; 1
16; 16H; >; 6; 292; 1; 1720; 1740; 1
16; 16H; >; 7; 293; 1; 1812; 1832; 1
16; 16H; >; 8; 294; 1; 1904; 1924; 1
16; 16H; >; 9; 295; 1; 1996; 2016; 1
16; 16H; >; 10; 281; 1; 2088; 2108; 1
16; 16H; >; 11; 263; 1; 2180; 2254; 1
16; 16H; >; 12; 262; 1; 2389; 2569; 1
16; 16H; >; 13; 261; 1; 2704; 2884; 1
16; 16H; >; 14; 248; 1; 2974; 2994; 1
16; 16H; >; 15; 229; 1; 3084; 3104; 1
16; 16H; >; 16; 216; 1; 3194; 3214; 1
16; 16H; >; 17; 197; 1; 3304; 3324; 1
16; 16H; >; 18; 184; 1; 3414; 3434; 1
16; 16H; >; 19; 165; 1; 3524; 3544; 1
16; 16H; >; 20; 164; 1; 16; 36; 1
16; 16H; >; 21; 163; 1; 108; 108; 1
16; 16R; <; 1; 163; 1; 608; 608; 1
16; 16R; <; 2; 164; 1; 680; 700; 1
16; 16R; <; 3; 165; 1; 772; 792; 1
16; 16R; <; 4; 184; 1; 882; 902; 1
16; 16R; <; 5; 197; 1; 992; 1012; 1
16; 16R; <; 6; 216; 1; 1102; 1122; 1
16; 16R; <; 7; 229; 1; 1212; 1232; 1
16; 16R; <; 8; 248; 1; 1322; 1342; 1
16; 16R; <; 9; 261; 1; 1432; 1452; 1
16; 16R; <; 10; 262; 1; 1542; 1562; 1
16; 16R; <; 11; 263; 1; 1652; 1672; 1
16; 16R; <; 12; 281; 1; 1744; 1764; 1
16; 16R; <; 13; 295; 1; 1836; 1856; 1
16; 16R; <; 14; 294; 1; 1928; 1948; 1
16; 16R; <; 15; 293; 1; 2020; 2040; 1
16; 16R; <; 16; 292; 1; 2112; 2132; 1
16; 16R; <; 17; 291; 1; 2204; 2224; 1
16; 16R; <; 18; 279; 1; 2296; 2419; 1
16; 16R; <; 19; 259; 1; 2491; 2511; 1
16; 16R; <; 20; 247; 1; 2583; 2603; 1
16; 16R; <; 21; 227; 1; 2675; 2675; 1
17; 17H; >; 1; 171; 2; 2708; 2708; 1
17; 17H; >; 2; 172; 2; 2780; 2960; 1
17; 17H; >; 3; 173; 2; 3068; 3248; 1
17; 17H; >; 4; 156; 2; 3338; 3358; 1
17; 17H; >; 5; 141; 2; 3448; 3468; 1
17; 17H; >; 6; 124; 2; 3558; 3578; 1
17; 17H; >; 7; 109; 2; 68; 88; 1
17; 17H; >; 8; 108; 2; 160; 221; 1
17; 17H; >; 9; 107; 2; 293; 313; 1
17; 17H; >; 10; 106; 2; 385; 484; 1
17; 17H; >; 11; 105; 2; 556; 576; 1
17; 17H; >; 12; 122; 2; 666; 686; 1
17; 17H; >; 13; 137; 2; 776; 796; 1
17; 17H; >; 14; 136; 2; 886; 906; 1
17; 17H; >; 15; 135; 2; 996; 1016; 1
17; 17H; >; 16; 134; 2; 1106; 1126; 1
17; 17H; >; 17; 133; 2; 1216; 1236; 1
17; 17H; >; 18; 120; 2; 1326; 1346; 1
17; 17H; >; 19; 101; 2; 1436; 1456; 1
17; 17H; >; 20; 100; 2; 1528; 1548; 1
17; 17H; >; 21; 99; 2; 1620; 1620; 1
17; 17H; >; 1; 171; 2; 908; 908; 2
17; 17H; >; 2; 172; 2; 980; 1160; 2
17; 17H; >; 3; 173; 2; 1268; 1448; 2
17; 17H; >; 4; 156; 2; 1538; 1558; 2
17; 17H; >; 5; 141; 2; 1648; 1668; 2
17; 17H; >; 6; 124; 2; 1758; 1778; 2
17; 17H; >; 7; 109; 2; 1868; 1888; 2
17; 17H; >; 8; 108; 2; 1960; 2021; 2
17; 17H; >; 9; 107; 2; 2093; 2113; 2
17; 17H; >; 10; 106; 2; 2185; 2284; 2
17; 17H; >; 11; 105; 2; 2356; 2376; 2
17; 17H; >; 12; 122; 2; 2466; 2486; 2
17; 17H; >; 13; 137; 2; 2576; 2596; 2
17; 17H; >; 14; 136; 2; 2686; 2706; 2
17; 17H; >; 15; 135; 2; 2796; 2816; 2
17; 17H; >; 16; 134; 2; 2906; 2926; 2
17; 17H; >; 17; 133; 2; 3016; 3036; 2
17; 17H; >; 18; 120; 2; 3126; 3146; 2
17; 17H; >; 19; 101; 2; 3236; 3256; 2
17; 17H; >; 20; 100; 2; 3328; 3348; 2
17; 17H; >; 21; 99; 2; 3420; 3420; 2
17; 17R; <; 1; 99; 2; 1977; 1977; 1
17; 17R; <; 2; 100; 2; 2049; 2069; 1
17; 17R; <; 3; 101; 2; 2141; 2161; 1
17; 17R; <; 4; 120; 2; 2251; 2271; 1
17; 17R; <; 5; 133; 2; 2361; 2381; 1
17; 17R; <; 6; 134; 2; 2471; 2491; 1
17; 17R; <; 7; 135; 2; 2581; 2601; 1
17; 17R; <; 8; 136; 2; 2691; 2711; 1
17; 17R; <; 9; 137; 2; 2801; 2821; 1
17; 17R; <; 10; 122; 2; 2911; 2931; 1
17; 17R; <; 11; 105; 2; 3021; 3041; 1
17; 17R; <; 12; 106; 2; 3113; 3133; 1
17; 17R; <; 13; 107; 2; 3205; 3225; 1
17; 17R; <; 14; 108; 2; 3297; 3317; 1
17; 17R; <; 15; 109; 2; 3389; 3569; 1
17; 17R; <; 16; 124; 2; 59; 79; 1
17; 17R; <; 17; 141; 2; 169; 189; 1
17; 17R; <; 18; 156; 2; 279; 299; 1
17; 17R; <; 19; 173; 2; 389; 409; 1
17; 17R; <; 20; 172; 2; 481; 501; 1
17; 17R; <; 21; 171; 2; 573; 573; 1
17; 17R; <; 1; 99; 2; 177; 177; 2
17; 17R; <; 2; 100; 2; 249; 269; 2
17; 17R; <; 3; 101; 2; 341; 361; 2
17; 17R; <; 4; 120; 2; 451; 471; 2
17; 17R; <; 5; 133; 2; 561; 581; 2
17; 17R; <; 6; 134; 2; 671; 691; 2
17; 17R; <; 7; 135; 2; 781; 801; 2
17; 17R; <; 8; 136; 2; 891; 911; 2
17; 17R; <; 9; 137; 2; 1001; 1021; 2
17; 17R; <; 10; 122; 2; 1111; 1131; 2
17; 17R; <; 11; 105; 2; 1221; 1241; 2
17; 17R; <; 12; 106; 2; 1313; 1333; 2
17; 17R; <; 13; 107; 2; 1405; 1425; 2
17; 17R; <; 14; 108; 2; 1497; 1517; 2
17; 17R; <; 15; 109; 2; 1589; 1769; 2
17; 17R; <; 16; 124; 2; 1859; 1879; 2
17; 17R; <; 17; 141; 2; 1969; 1989; 2
17; 17R; <; 18; 156; 2; 2079; 2099; 2
17; 17R; <; 19; 173; 2; 2189; 2209; 2
17; 17R; <; 20; 172; 2; 2281; 2301; 2
17; 17R; <; 21; 171; 2; 2373; 2373; 2
18; 18H; >; 1; 171; 1; 1925; 1925; 1
18; 18H; >; 2; 155; 1; 2025; 2045; 1
18; 18H; >; 3; 139; 1; 2117; 2137; 1
18; 18H; >; 4; 140; 1; 2227; 2247; 1
18; 18H; >; 5; 141; 1; 2337; 2357; 1
18; 18H; >; 6; 142; 1; 2447; 2467; 1
18; 18H; >; 7; 143; 1; 2557; 2613; 1
18; 18H; >; 8; 125; 1; 2721; 2901; 1
18; 18H; >; 9; 111; 1; 3009; 3029; 1
18; 18H; >; 10; 110; 1; 3101; 3281; 1
18; 18H; >; 11; 109; 1; 3389; 3569; 1
18; 18H; >; 12; 92; 1; 59; 167; 1
18; 18H; >; 13; 77; 1; 257; 277; 1
18; 18H; >; 14; 78; 1; 367; 387; 1
18; 18H; >; 15; 79; 1; 477; 497; 1
18; 18H; >; 16; 80; 1; 587; 607; 1
18; 18H; >; 17; 81; 1; 697; 717; 1
18; 18H; >; 18; 62; 1; 807; 827; 1
18; 18H; >; 19; 49; 1; 917; 937; 1
18; 18H; >; 20; 50; 1; 1009; 1189; 1
18; 18H; >; 21; 51; 1; 1261; 1261; 1
18; 18R; <; 1; 51; 1; 1832; 1832; 1
18; 18R; <; 2; 50; 1; 1904; 2084; 1
18; 18R; <; 3; 49; 1; 2156; 2176; 1
18; 18R; <; 4; 62; 1; 2266; 2286; 1
18; 18R; <; 5; 81; 1; 2376; 2396; 1
18; 18R; <; 6; 80; 1; 2486; 2506; 1
18; 18R; <; 7; 79; 1; 2596; 2616; 1
18; 18R; <; 8; 78; 1; 2706; 2726; 1
18; 18R; <; 9; 77; 1; 2816; 2836; 1
18; 18R; <; 10; 92; 1; 2926; 2946; 1
18; 18R; <; 11; 109; 1; 3036; 3056; 1
18; 18R; <; 12; 110; 1; 3128; 3148; 1
18; 18R; <; 13; 111; 1; 3220; 3240; 1
18; 18R; <; 14; 125; 1; 3312; 3332; 1
18; 18R; <; 15; 143; 1; 3404; 3424; 1
18; 18R; <; 16; 142; 1; 3514; 3534; 1
18; 18R; <; 17; 141; 1; 24; 44; 1
18; 18R; <; 18; 140; 1; 134; 154; 1
18; 18R; <; 19; 139; 1; 244; 264; 1
18; 18R; <; 20; 155; 1; 336; 356; 1
18; 18R; <; 21; 171; 1; 428; 428; 1
19; 19H; >; 1; 171; 3; 896; 896; 1
19; 19H; >; 2; 155; 3; 968; 988; 1
19; 19H; >; 3; 139; 3; 1060; 1080; 1
19; 19H; >; 4; 123; 3; 1152; 1172; 1
19; 19H; >; 5; 107; 3; 1244; 1264; 1
19; 19H; >; 6; 91; 3; 1336; 1356; 1
19; 19H; >; 7; 75; 3; 1428; 1448; 1
19; 19H; >; 8; 59; 3; 1520; 1540; 1
19; 19H; >; 9; 43; 3; 1612; 1632; 1
19; 19H; >; 10; 42; 3; 1704; 1724; 1
19; 19H; >; 11; 41; 3; 1796; 1816; 1
19; 19H; >; 12; 40; 3; 1888; 1908; 1
19; 19H; >; 13; 39; 3; 1980; 2000; 1
19; 19H; >; 14; 57; 3; 2072; 2092; 1
19; 19H; >; 15; 71; 3; 2164; 2184; 1
19; 19H; >; 16; 89; 3; 2256; 2276; 1
19; 19H; >; 17; 103; 3; 2348; 2368; 1
19; 19H; >; 18; 102; 3; 2440; 2564; 1
19; 19H; >; 19; 101; 3; 2636; 2656; 1
19; 19H; >; 20; 100; 3; 2728; 2748; 1
19; 19H; >; 21; 99; 3; 2856; 2856; 1
19; 19H; >; 1; 171; 3; 2096; 2096; 2
19; 19H; >; 2; 155; 3; 2168; 2188; 2
19; 19H; >; 3; 139; 3; 2260; 2280; 2
19; 19H; >; 4; 123; 3; 2352; 2372; 2
19; 19H; >; 5; 107; 3; 2444; 2464; 2
19; 19H; >; 6; 91; 3; 2536; 2556; 2
19; 19H; >; 7; 75; 3; 2628; 2648; 2
19; 19H; >; 8; 59; 3; 2720; 2740; 2
19; 19H; >; 9; 43; 3; 2812; 2832; 2
19; 19H; >; 10; 42; 3; 2904; 2924; 2
19; 19H; >; 11; 41; 3; 2996; 3016; 2
19; 19H; >; 12; 40; 3; 3088; 3108; 2
19; 19H; >; 13; 39; 3; 3180; 3200; 2
19; 19H; >; 14; 57; 3; 3272; 3292; 2
19; 19H; >; 15; 71; 3; 3364; 3384; 2
19; 19H; >; 16; 89; 3; 3456; 3476; 2
19; 19H; >; 17; 103; 3; 3548; 3568; 2
19; 19H; >; 18; 102; 3; 40; 164; 2
19; 19H; >; 19; 101; 3; 236; 256; 2
19; 19H; >; 20; 100; 3; 328; 348; 2
19; 19H; >; 21; 99; 3; 420; 420; 2
19; 19H; >; 1; 171; 3; 3296; 3296; 3
19; 19H; >; 2; 155; 3; 3368; 3388; 3
19; 19H; >; 3; 139; 3; 3460; 3480; 3
19; 19H; >; 4; 123; 3; 3552; 3572; 3
19; 19H; >; 5; 107; 3; 44; 64; 3
19; 19H; >; 6; 91; 3; 136; 156; 3
19; 19H; >; 7; 75; 3; 228; 248; 3
19; 19H; >; 8; 59; 3; 320; 340; 3
19; 19H; >; 9; 43; 3; 412; 432; 3
19; 19H; >; 10; 42; 3; 504; 524; 3
19; 19H; >; 11; 41; 3; 596; 616; 3
19; 19H; >; 12; 40; 3; 688; 708; 3
19; 19H; >; 13; 39; 3; 780; 800; 3
19; 19H; >; 14; 57; 3; 872; 892; 3
19; 19H; >; 15; 71; 3; 964; 984; 3
19; 19H; >; 16; 89; 3; 1056; 1076; 3
19; 19H; >; 17; 103; 3; 1148; 1168; 3
19; 19H; >; 18; 102; 3; 1240; 1364; 3
19; 19H; >; 19; 101; 3; 1436; 1456; 3
19; 19H; >; 20; 100; 3; 1528; 1548; 3
19; 19H; >; 21; 99; 3; 1620; 1620; 3
19; 19R; <; 1; 99; 3; 3232; 3232; 1
19; 19R; <; 2; 100; 3; 3304; 3324; 1
19; 19R; <; 3; 101; 3; 3396; 3416; 1
19; 19R; <; 4; 102; 3; 3488; 3508; 1
19; 19R; <; 5; 103; 3; 3580; 0; 1
19; 19R; <; 6; 89; 3; 72; 92; 1
19; 19R; <; 7; 71; 3; 164; 184; 1
19; 19R; <; 8; 57; 3; 256; 276; 1
19; 19R; <; 9; 39; 3; 348; 368; 1
19; 19R; <; 10; 40; 3; 440; 460; 1
19; 19R; <; 11; 41; 3; 532; 552; 1
19; 19R; <; 12; 42; 3; 624; 644; 1
19; 19R; <; 13; 43; 3; 716; 736; 1
19; 19R; <; 14; 59; 3; 808; 828; 1
19; 19R; <; 15; 75; 3; 900; 920; 1
19; 19R; <; 16; 91; 3; 992; 1012; 1
19; 19R; <; 17; 107; 3; 1084; 1104; 1
19; 19R; <; 18; 123; 3; 1176; 1196; 1
19; 19R; <; 19; 139; 3; 1268; 1288; 1
19; 19R; <; 20; 155; 3; 1360; 1380; 1
19; 19R; <; 21; 171; 3; 1452; 1452; 1
19; 19R; <; 1; 99; 3; 832; 832; 2
19; 19R; <; 2; 100; 3; 904; 924; 2
19; 19R; <; 3; 101; 3; 996; 1016; 2
19; 19R; <; 4; 102; 3; 1088; 1108; 2
19; 19R; <; 5; 103; 3; 1180; 1200; 2
19; 19R; <; 6; 89; 3; 1272; 1292; 2
19; 19R; <; 7; 71; 3; 1364; 1384; 2
19; 19R; <; 8; 57; 3; 1456; 1476; 2
19; 19R; <; 9; 39; 3; 1548; 1568; 2
19; 19R; <; 10; 40; 3; 1640; 1660; 2
19; 19R; <; 11; 41; 3; 1732; 1752; 2
19; 19R; <; 12; 42; 3; 1824; 1844; 2
19; 19R; <; 13; 43; 3; 1916; 1936; 2
19; 19R; <; 14; 59; 3; 2008; 2028; 2
19; 19R; <; 15; 75; 3; 2100; 2120; 2
19; 19R; <; 16; 91; 3; 2192; 2212; 2
19; 19R; <; 17; 107; 3; 2284; 2304; 2
19; 19R; <; 18; 123; 3; 2376; 2396; 2
19; 19R; <; 19; 139; 3; 2468; 2488; 2
19; 19R; <; 20; 155; 3; 2560; 2580; 2
19; 19R; <; 21; 171; 3; 2652; 2652; 2
19; 19R; <; 1; 99; 3; 2032; 2032; 3
19; 19R; <; 2; 100; 3; 2104; 2124; 3
19; 19R; <; 3; 101; 3; 2196; 2216; 3
19; 19R; <; 4; 102; 3; 2288; 2308; 3
19; 19R; <; 5; 103; 3; 2380; 2400; 3
19; 19R; <; 6; 89; 3; 2472; 2492; 3
19; 19R; <; 7; 71; 3; 2564; 2584; 3
19; 19R; <; 8; 57; 3; 2656; 2676; 3
19; 19R; <; 9; 39; 3; 2748; 2768; 3
19; 19R; <; 10; 40; 3; 2840; 2860; 3
19; 19R; <; 11; 41; 3; 2932; 2952; 3
19; 19R; <; 12; 42; 3; 3024; 3044; 3
19; 19R; <; 13; 43; 3; 3116; 3136; 3
19; 19R; <; 14; 59; 3; 3208; 3228; 3
19; 19R; <; 15; 75; 3; 3300; 3320; 3
19; 19R; <; 16; 91; 3; 3392; 3412; 3
19; 19R; <; 17; 107; 3; 3484; 3504; 3
19; 19R; <; 18; 123; 3; 3576; 3596; 3
19; 19R; <; 19; 139; 3; 68; 88; 3
19; 19R; <; 20; 155; 3; 160; 180; 3
19; 19R; <; 21; 171; 3; 252; 252; 3
20; 20H; >; 1; 171; 1; 3295; 3295; 1
20; 20H; >; 2; 155; 1; 3403; 3583; 1
20; 20H; >; 3; 139; 1; 73; 253; 1
20; 20H; >; 4; 123; 1; 361; 381; 1
20; 20H; >; 5; 107; 1; 453; 473; 1
20; 20H; >; 6; 91; 1; 545; 565; 1
20; 20H; >; 7; 75; 1; 637; 657; 1
20; 20H; >; 8; 59; 1; 729; 749; 1
20; 20H; >; 9; 43; 1; 821; 841; 1
20; 20H; >; 10; 42; 1; 913; 933; 1
20; 20H; >; 11; 41; 1; 1005; 1025; 1
20; 20H; >; 12; 40; 1; 1097; 1117; 1
20; 20H; >; 13; 39; 1; 1189; 1209; 1
20; 20H; >; 14; 38; 1; 1281; 1301; 1
20; 20H; >; 15; 37; 1; 1373; 1393; 1
20; 20H; >; 16; 24; 1; 1483; 1503; 1
20; 20H; >; 17; 5; 1; 1593; 1613; 1
20; 20H; >; 18; 4; 1; 1703; 1723; 1
20; 20H; >; 19; 3; 1; 1813; 1833; 1
20; 20H; >; 20; 23; 1; 1923; 1943; 1
20; 20H; >; 21; 35; 1; 2033; 2033; 1
20; 20R; <; 1; 35; 1; 564; 564; 1
20; 20R; <; 2; 23; 1; 654; 674; 1
20; 20R; <; 3; 3; 1; 764; 784; 1
20; 20R; <; 4; 4; 1; 874; 894; 1
20; 20R; <; 5; 5; 1; 984; 1004; 1
20; 20R; <; 6; 24; 1; 1094; 1114; 1
20; 20R; <; 7; 37; 1; 1204; 1224; 1
20; 20R; <; 8; 38; 1; 1296; 1476; 1
20; 20R; <; 9; 39; 1; 1548; 1568; 1
20; 20R; <; 10; 40; 1; 1640; 1660; 1
20; 20R; <; 11; 41; 1; 1732; 1752; 1
20; 20R; <; 12; 42; 1; 1824; 1844; 1
20; 20R; <; 13; 43; 1; 1916; 1936; 1
20; 20R; <; 14; 59; 1; 2008; 2028; 1
20; 20R; <; 15; 75; 1; 2100; 2120; 1
20; 20R; <; 16; 91; 1; 2192; 2212; 1
20; 20R; <; 17; 107; 1; 2284; 2304; 1
20; 20R; <; 18; 123; 1; 2376; 2396; 1
20; 20R; <; 19; 139; 1; 2468; 2488; 1
20; 20R; <; 20; 155; 1; 2560; 2580; 1
20; 20R; <; 21; 171; 1; 2652; 2652; 1
23; 23H; >; 1; 307; 1; 68; 68; 1
23; 23H; >; 2; 287; 1; 140; 320; 1
23; 23H; >; 3; 275; 1; 392; 572; 1
23; 23H; >; 4; 274; 1; 662; 842; 1
23; 23H; >; 5; 273; 1; 977; 1157; 1
23; 23H; >; 6; 254; 1; 1292; 1472; 1
23; 23H; >; 7; 241; 1; 1607; 1787; 1
23; 23H; >; 8; 240; 1; 1895; 2075; 1
23; 23H; >; 9; 239; 1; 2147; 2167; 1
23; 23H; >; 10; 221; 1; 2239; 2259; 1
23; 23H; >; 11; 207; 1; 2331; 2351; 1
23; 23H; >; 12; 208; 1; 2441; 2461; 1
23; 23H; >; 13; 209; 1; 2551; 2571; 1
23; 23H; >; 14; 210; 1; 2661; 2681; 1
23; 23H; >; 15; 211; 1; 2771; 2791; 1
23; 23H; >; 16; 191; 1; 2863; 2913; 1
23; 23H; >; 17; 179; 1; 2985; 2985; 1
23; 23R; <; 1; 179; 1; 2921; 2921; 1
23; 23R; <; 2; 191; 1; 2993; 3028; 1
23; 23R; <; 3; 211; 1; 3100; 3120; 1
23; 23R; <; 4; 210; 1; 3210; 3230; 1
23; 23R; <; 5; 209; 1; 3320; 3340; 1
23; 23R; <; 6; 208; 1; 3430; 3450; 1
23; 23R; <; 7; 207; 1; 3540; 3560; 1
23; 23R; <; 8; 221; 1; 32; 52; 1
23; 23R; <; 9; 239; 1; 124; 144; 1
23; 23R; <; 10; 240; 1; 216; 236; 1
23; 23R; <; 11; 241; 1; 308; 328; 1
23; 23R; <; 12; 254; 1; 418; 438; 1
23; 23R; <; 13; 273; 1; 528; 548; 1
23; 23R; <; 14; 274; 1; 638; 658; 1
23; 23R; <; 15; 275; 1; 748; 768; 1
23; 23R; <; 16; 287; 1; 840; 860; 1
23; 23R; <; 17; 307; 1; 932; 932; 1
24; 24H; >; 1; 243; 2; 3123; 3123; 1
24; 24H; >; 2; 242; 2; 3231; 3411; 1
24; 24H; >; 3; 241; 2; 3483; 3503; 1
24; 24H; >; 4; 222; 2; 3593; 13; 1
24; 24H; >; 5; 209; 2; 103; 123; 1
24; 24H; >; 6; 190; 2; 213; 233; 1
24; 24H; >; 7; 177; 2; 323; 343; 1
24; 24H; >; 8; 176; 2; 415; 435; 1
24; 24H; >; 9; 175; 2; 507; 527; 1
24; 24H; >; 10; 189; 2; 599; 619; 1
24; 24H; >; 11; 207; 2; 691; 711; 1
24; 24H; >; 12; 206; 2; 801; 821; 1
24; 24H; >; 13; 205; 2; 911; 931; 1
24; 24H; >; 14; 204; 2; 1021; 1041; 1
24; 24H; >; 15; 203; 2; 1131; 1151; 1
24; 24H; >; 16; 187; 2; 1223; 1243; 1
24; 24H; >; 17; 171; 2; 1316; 1316; 1
24; 24H; >; 1; 243; 2; 1323; 1323; 2
24; 24H; >; 2; 242; 2; 1431; 1611; 2
24; 24H; >; 3; 241; 2; 1683; 1703; 2
24; 24H; >; 4; 222; 2; 1793; 1813; 2
24; 24H; >; 5; 209; 2; 1903; 1923; 2
24; 24H; >; 6; 190; 2; 2013; 2033; 2
24; 24H; >; 7; 177; 2; 2123; 2143; 2
24; 24H; >; 8; 176; 2; 2215; 2235; 2
24; 24H; >; 9; 175; 2; 2307; 2327; 2
24; 24H; >; 10; 189; 2; 2399; 2419; 2
24; 24H; >; 11; 207; 2; 2491; 2511; 2
24; 24H; >; 12; 206; 2; 2601; 2621; 2
24; 24H; >; 13; 205; 2; 2711; 2731; 2
24; 24H; >; 14; 204; 2; 2821; 2841; 2
24; 24H; >; 15; 203; 2; 2931; 2951; 2
24; 24H; >; 16; 187; 2; 3023; 3043; 2
24; 24H; >; 17; 171; 2; 3115; 3115; 2
24; 24R; <; 1; 171; 2; 753; 753; 1
24; 24R; <; 2; 187; 2; 825; 845; 1
24; 24R; <; 3; 203; 2; 917; 937; 1
24; 24R; <; 4; 204; 2; 1027; 1047; 1
24; 24R; <; 5; 205; 2; 1137; 1157; 1
24; 24R; <; 6; 206; 2; 1247; 1267; 1
24; 24R; <; 7; 207; 2; 1398; 1493; 1
24; 24R; <; 8; 189; 2; 1565; 1585; 1
24; 24R; <; 9; 175; 2; 1657; 1677; 1
24; 24R; <; 10; 176; 2; 1749; 1769; 1
24; 24R; <; 11; 177; 2; 1841; 1861; 1
24; 24R; <; 12; 190; 2; 1951; 1971; 1
24; 24R; <; 13; 209; 2; 2061; 2081; 1
24; 24R; <; 14; 222; 2; 2171; 2191; 1
24; 24R; <; 15; 241; 2; 2281; 2301; 1
24; 24R; <; 16; 242; 2; 2373; 2553; 1
24; 24R; <; 17; 243; 2; 2625; 2625; 1
24; 24R; <; 1; 171; 2; 2553; 2553; 2
24; 24R; <; 2; 187; 2; 2625; 2645; 2
24; 24R; <; 3; 203; 2; 2717; 2737; 2
24; 24R; <; 4; 204; 2; 2827; 2847; 2
24; 24R; <; 5; 205; 2; 2937; 2957; 2
24; 24R; <; 6; 206; 2; 3047; 3067; 2
24; 24R; <; 7; 207; 2; 3157; 3293; 2
24; 24R; <; 8; 189; 2; 3365; 3385; 2
24; 24R; <; 9; 175; 2; 3457; 3477; 2
24; 24R; <; 10; 176; 2; 3549; 3569; 2
24; 24R; <; 11; 177; 2; 41; 61; 2
24; 24R; <; 12; 190; 2; 151; 171; 2
24; 24R; <; 13; 209; 2; 261; 281; 2
24; 24R; <; 14; 222; 2; 371; 391; 2
24; 24R; <; 15; 241; 2; 481; 501; 2
24; 24R; <; 16; 242; 2; 573; 753; 2
24; 24R; <; 17; 243; 2; 825; 825; 2
25; 25H; >; 1; 227; 1; 2792; 2792; 1
25; 25H; >; 2; 228; 1; 2864; 2884; 1
25; 25H; >; 3; 229; 1; 2956; 2976; 1
25; 25H; >; 4; 230; 1; 3048; 3068; 1
25; 25H; >; 5; 231; 1; 3140; 3160; 1
25; 25H; >; 6; 249; 1; 3232; 3252; 1
25; 25H; >; 7; 263; 1; 3324; 3344; 1
25; 25H; >; 8; 264; 1; 3434; 3454; 1
25; 25H; >; 9; 265; 1; 3544; 3564; 1
25; 25H; >; 10; 266; 1; 54; 74; 1
25; 25H; >; 11; 267; 1; 164; 184; 1
25; 25H; >; 12; 251; 1; 256; 276; 1
25; 25H; >; 13; 235; 1; 348; 368; 1
25; 25H; >; 14; 219; 1; 440; 460; 1
25; 25H; >; 15; 203; 1; 532; 552; 1
25; 25H; >; 16; 187; 1; 624; 644; 1
25; 25H; >; 17; 171; 1; 716; 716; 1
25; 25R; <; 1; 171; 1; 432; 432; 1
25; 25R; <; 2; 187; 1; 504; 524; 1
25; 25R; <; 3; 203; 1; 596; 616; 1
25; 25R; <; 4; 219; 1; 688; 708; 1
25; 25R; <; 5; 235; 1; 780; 800; 1
25; 25R; <; 6; 251; 1; 872; 892; 1
25; 25R; <; 7; 267; 1; 964; 984; 1
25; 25R; <; 8; 266; 1; 1074; 1094; 1
25; 25R; <; 9; 265; 1; 1184; 1204; 1
25; 25R; <; 10; 264; 1; 1294; 1314; 1
25; 25R; <; 11; 263; 1; 1404; 1424; 1
25; 25R; <; 12; 249; 1; 1496; 1516; 1
25; 25R; <; 13; 231; 1; 1588; 1608; 1
25; 25R; <; 14; 230; 1; 1680; 1700; 1
25; 25R; <; 15; 229; 1; 1772; 1792; 1
25; 25R; <; 16; 228; 1; 1864; 1884; 1
25; 25R; <; 17; 227; 1; 1956; 1956; 1
26; 26H; >; 1; 171; 1; 1656; 1656; 1
26; 26H; >; 2; 170; 1; 1728; 1748; 1
26; 26H; >; 3; 169; 1; 1820; 1840; 1
26; 26H; >; 4; 154; 1; 1930; 1950; 1
26; 26H; >; 5; 137; 1; 2040; 2060; 1
26; 26H; >; 6; 138; 1; 2150; 2170; 1
26; 26H; >; 7; 139; 1; 2260; 2280; 1
26; 26H; >; 8; 123; 1; 2352; 2372; 1
26; 26H; >; 9; 107; 1; 2444; 2464; 1
26; 26H; >; 10; 108; 1; 2536; 2556; 1
26; 26H; >; 11; 109; 1; 2628; 2648; 1
26; 26H; >; 12; 110; 1; 2720; 2740; 1
26; 26H; >; 13; 111; 1; 2812; 2832; 1
26; 26H; >; 14; 112; 1; 2904; 2924; 1
26; 26H; >; 15; 113; 1; 2996; 3016; 1
26; 26H; >; 16; 114; 1; 3088; 3108; 1
26; 26H; >; 17; 115; 1; 3180; 3180; 1
26; 26R; <; 1; 115; 1; 1217; 1217; 1
26; 26R; <; 2; 114; 1; 1289; 1309; 1
26; 26R; <; 3; 113; 1; 1381; 1401; 1
26; 26R; <; 4; 112; 1; 1473; 1493; 1
26; 26R; <; 5; 111; 1; 1565; 1585; 1
26; 26R; <; 6; 110; 1; 1657; 1677; 1
26; 26R; <; 7; 109; 1; 1749; 1769; 1
26; 26R; <; 8; 108; 1; 1841; 1861; 1
26; 26R; <; 9; 107; 1; 1933; 1953; 1
26; 26R; <; 10; 123; 1; 2025; 2045; 1
26; 26R; <; 11; 139; 1; 2117; 2137; 1
26; 26R; <; 12; 138; 1; 2227; 2247; 1
26; 26R; <; 13; 137; 1; 2337; 2357; 1
26; 26R; <; 14; 154; 1; 2447; 2467; 1
26; 26R; <; 15; 169; 1; 2557; 2577; 1
26; 26R; <; 16; 170; 1; 2649; 2829; 1
26; 26R; <; 17; 171; 1; 2937; 2937; 1
28; 28H; >; 1; 99; 1; 2032; 2032; 1
28; 28H; >; 2; 100; 1; 2104; 2124; 1
28; 28H; >; 3; 101; 1; 2196; 2216; 1
28; 28H; >; 4; 102; 1; 2288; 2308; 1
28; 28H; >; 5; 103; 1; 2380; 2400; 1
28; 28H; >; 6; 89; 1; 2472; 2492; 1
28; 28H; >; 7; 71; 1; 2564; 2584; 1
28; 28H; >; 8; 57; 1; 2656; 2676; 1
28; 28H; >; 9; 39; 1; 2748; 2768; 1
28; 28H; >; 10; 38; 1; 2840; 3020; 1
28; 28H; >; 11; 37; 1; 3092; 3112; 1
28; 28H; >; 12; 24; 1; 3202; 3222; 1
28; 28H; >; 13; 5; 1; 3312; 3332; 1
28; 28H; >; 14; 4; 1; 3422; 3442; 1
28; 28H; >; 15; 3; 1; 3532; 3552; 1
28; 28H; >; 16; 23; 1; 42; 62; 1
28; 28H; >; 17; 35; 1; 152; 152; 1
28; 28R; <; 1; 35; 1; 346; 346; 1
28; 28R; <; 2; 23; 1; 436; 456; 1
28; 28R; <; 3; 3; 1; 546; 566; 1
28; 28R; <; 4; 4; 1; 656; 676; 1
28; 28R; <; 5; 5; 1; 766; 786; 1
28; 28R; <; 6; 24; 1; 876; 896; 1
28; 28R; <; 7; 37; 1; 986; 1006; 1
28; 28R; <; 8; 38; 1; 1078; 1258; 1
28; 28R; <; 9; 39; 1; 1366; 1546; 1
28; 28R; <; 10; 57; 1; 1654; 1834; 1
28; 28R; <; 11; 71; 1; 1942; 2122; 1
28; 28R; <; 12; 89; 1; 2230; 2410; 1
28; 28R; <; 13; 103; 1; 2518; 2538; 1
28; 28R; <; 14; 102; 1; 2610; 2630; 1
28; 28R; <; 15; 101; 1; 2702; 2722; 1
28; 28R; <; 16; 100; 1; 2794; 2833; 1
28; 28R; <; 17; 99; 1; 2905; 2905; 1
30; 30H; >; 1; 307; 1; 1320; 1320; 1
30; 30H; >; 2; 287; 1; 1392; 1572; 1
30; 30H; >; 3; 275; 1; 1680; 1860; 1
30; 30H; >; 4; 255; 1; 1968; 2148; 1
30; 30H; >; 5; 243; 1; 2220; 2240; 1
30; 30H; >; 6; 244; 1; 2330; 2350; 1
30; 30H; >; 7; 245; 1; 2440; 2460; 1
30; 30H; >; 8; 224; 1; 2550; 2570; 1
30; 30H; >; 9; 213; 1; 2660; 2680; 1
30; 30H; >; 10; 192; 1; 2770; 2790; 1
30; 30H; >; 11; 181; 1; 2880; 2900; 1
30; 30H; >; 12; 180; 1; 2990; 3010; 1
30; 30H; >; 13; 179; 1; 3100; 3100; 1
30; 30R; <; 1; 179; 1; 129; 129; 1
30; 30R; <; 2; 180; 1; 219; 239; 1
30; 30R; <; 3; 181; 1; 329; 349; 1
30; 30R; <; 4; 192; 1; 439; 459; 1
30; 30R; <; 5; 213; 1; 549; 569; 1
30; 30R; <; 6; 224; 1; 659; 679; 1
30; 30R; <; 7; 245; 1; 769; 789; 1
30; 30R; <; 8; 244; 1; 879; 899; 1
30; 30R; <; 9; 243; 1; 989; 1009; 1
30; 30R; <; 10; 255; 1; 1081; 1101; 1
30; 30R; <; 11; 275; 1; 1173; 1193; 1
30; 30R; <; 12; 287; 1; 1265; 1292; 1
30; 30R; <; 13; 307; 1; 1364; 1364; 1
35; 35H; >; 1; 243; 1; 1005; 1005; 1
35; 35H; >; 2; 223; 1; 1077; 1192; 1
35; 35H; >; 3; 211; 1; 1264; 1284; 1
35; 35H; >; 4; 191; 1; 1356; 1376; 1
35; 35H; >; 5; 179; 1; 1448; 1468; 1
35; 35H; >; 6; 178; 1; 1540; 1560; 1
35; 35H; >; 7; 177; 1; 1632; 1652; 1
35; 35H; >; 8; 158; 1; 1742; 1762; 1
35; 35H; >; 9; 145; 1; 1852; 1872; 1
35; 35H; >; 10; 126; 1; 1962; 1982; 1
35; 35H; >; 11; 113; 1; 2072; 2092; 1
35; 35H; >; 12; 114; 1; 2164; 2184; 1
35; 35H; >; 13; 115; 1; 2256; 2256; 1
35; 35R; <; 1; 115; 1; 3159; 3159; 1
35; 35R; <; 2; 114; 1; 3231; 3251; 1
35; 35R; <; 3; 113; 1; 3323; 3343; 1
35; 35R; <; 4; 126; 1; 3433; 3453; 1
35; 35R; <; 5; 145; 1; 3543; 3563; 1
35; 35R; <; 6; 158; 1; 53; 73; 1
35; 35R; <; 7; 177; 1; 163; 221; 1
35; 35R; <; 8; 178; 1; 293; 313; 1
35; 35R; <; 9; 179; 1; 385; 405; 1
35; 35R; <; 10; 191; 1; 477; 497; 1
35; 35R; <; 11; 211; 1; 569; 589; 1
35; 35R; <; 12; 223; 1; 661; 757; 1
35; 35R; <; 13; 243; 1; 829; 829; 1
36; 36H; >; 1; 227; 2; 1928; 1928; 1
36; 36H; >; 2; 215; 2; 2000; 2020; 1
36; 36H; >; 3; 195; 2; 2092; 2112; 1
36; 36H; >; 4; 196; 2; 2202; 2222; 1
36; 36H; >; 5; 197; 2; 2312; 2332; 1
36; 36H; >; 6; 184; 2; 2422; 2442; 1
36; 36H; >; 7; 165; 2; 2532; 2552; 1
36; 36H; >; 8; 166; 2; 2624; 2676; 1
36; 36H; >; 9; 167; 2; 2748; 2768; 1
36; 36H; >; 10; 168; 2; 2840; 2860; 1
36; 36H; >; 11; 169; 2; 2932; 2952; 1
36; 36H; >; 12; 170; 2; 3024; 3044; 1
36; 36H; >; 13; 171; 2; 3116; 3116; 1
36; 36H; >; 1; 227; 2; 128; 128; 2
36; 36H; >; 2; 215; 2; 200; 220; 2
36; 36H; >; 3; 195; 2; 292; 312; 2
36; 36H; >; 4; 196; 2; 402; 422; 2
36; 36H; >; 5; 197; 2; 512; 532; 2
36; 36H; >; 6; 184; 2; 622; 642; 2
36; 36H; >; 7; 165; 2; 732; 752; 2
36; 36H; >; 8; 166; 2; 824; 876; 2
36; 36H; >; 9; 167; 2; 948; 968; 2
36; 36H; >; 10; 168; 2; 1040; 1060; 2
36; 36H; >; 11; 169; 2; 1132; 1152; 2
36; 36H; >; 12; 170; 2; 1224; 1244; 2
36; 36H; >; 13; 171; 2; 1352; 1352; 2
36; 36R; <; 1; 171; 2; 3295; 3295; 1
36; 36R; <; 2; 170; 2; 3367; 3387; 1
36; 36R; <; 3; 169; 2; 3459; 3479; 1
36; 36R; <; 4; 168; 2; 3551; 3571; 1
36; 36R; <; 5; 167; 2; 43; 63; 1
36; 36R; <; 6; 166; 2; 135; 155; 1
36; 36R; <; 7; 165; 2; 227; 247; 1
36; 36R; <; 8; 184; 2; 361; 381; 1
36; 36R; <; 9; 197; 2; 471; 491; 1
36; 36R; <; 10; 196; 2; 581; 601; 1
36; 36R; <; 11; 195; 2; 691; 711; 1
36; 36R; <; 12; 215; 2; 783; 803; 1
36; 36R; <; 13; 227; 2; 875; 875; 1
36; 36R; <; 1; 171; 2; 1495; 1495; 2
36; 36R; <; 2; 170; 2; 1567; 1587; 2
36; 36R; <; 3; 169; 2; 1659; 1679; 2
36; 36R; <; 4; 168; 2; 1751; 1771; 2
36; 36R; <; 5; 167; 2; 1843; 1863; 2
36; 36R; <; 6; 166; 2; 1935; 1955; 2
36; 36R; <; 7; 165; 2; 2027; 2047; 2
36; 36R; <; 8; 184; 2; 2161; 2181; 2
36; 36R; <; 9; 197; 2; 2271; 2291; 2
36; 36R; <; 10; 196; 2; 2381; 2401; 2
36; 36R; <; 11; 195; 2; 2491; 2511; 2
36; 36R; <; 12; 215; 2; 2583; 2603; 2
36; 36R; <; 13; 227; 2; 2675; 2675; 2
42; 42H; >; 1; 171; 2; 1632; 1632; 1
42; 42H; >; 2; 172; 2; 1704; 1724; 1
42; 42H; >; 3; 173; 2; 1796; 1976; 1
42; 42H; >; 4; 156; 2; 2066; 2086; 1
42; 42H; >; 5; 141; 2; 2176; 2196; 1
42; 42H; >; 6; 142; 2; 2286; 2306; 1
42; 42H; >; 7; 143; 2; 2396; 2416; 1
42; 42H; >; 8; 144; 2; 2506; 2526; 1
42; 42H; >; 9; 145; 2; 2616; 2796; 1
42; 42H; >; 10; 126; 2; 2886; 2906; 1
42; 42H; >; 11; 113; 2; 2996; 3016; 1
42; 42H; >; 12; 114; 2; 3088; 3108; 1
42; 42H; >; 13; 115; 2; 3180; 3180; 1
42; 42H; >; 1; 171; 2; 3432; 3432; 2
42; 42H; >; 2; 172; 2; 3504; 3524; 2
42; 42H; >; 3; 173; 2; 3596; 176; 2
42; 42H; >; 4; 156; 2; 266; 286; 2
42; 42H; >; 5; 141; 2; 376; 396; 2
42; 42H; >; 6; 142; 2; 486; 506; 2
42; 42H; >; 7; 143; 2; 596; 616; 2
42; 42H; >; 8; 144; 2; 706; 726; 2
42; 42H; >; 9; 145; 2; 816; 996; 2
42; 42H; >; 10; 126; 2; 1086; 1106; 2
42; 42H; >; 11; 113; 2; 1196; 1216; 2
42; 42H; >; 12; 114; 2; 1288; 1308; 2
42; 42H; >; 13; 115; 2; 1380; 1380; 2
42; 42R; <; 1; 115; 2; 3428; 3428; 1
42; 42R; <; 2; 114; 2; 3500; 3520; 1
42; 42R; <; 3; 113; 2; 3592; 12; 1
42; 42R; <; 4; 126; 2; 102; 122; 1
42; 42R; <; 5; 145; 2; 212; 232; 1
42; 42R; <; 6; 144; 2; 322; 342; 1
42; 42R; <; 7; 143; 2; 432; 452; 1
42; 42R; <; 8; 142; 2; 542; 562; 1
42; 42R; <; 9; 141; 2; 652; 672; 1
42; 42R; <; 10; 156; 2; 762; 782; 1
42; 42R; <; 11; 173; 2; 872; 892; 1
42; 42R; <; 12; 172; 2; 964; 1144; 1
42; 42R; <; 13; 171; 2; 1252; 1252; 1
42; 42R; <; 1; 115; 2; 1628; 1628; 2
42; 42R; <; 2; 114; 2; 1700; 1720; 2
42; 42R; <; 3; 113; 2; 1792; 1812; 2
42; 42R; <; 4; 126; 2; 1902; 1922; 2
42; 42R; <; 5; 145; 2; 2012; 2032; 2
42; 42R; <; 6; 144; 2; 2122; 2142; 2
42; 42R; <; 7; 143; 2; 2232; 2252; 2
42; 42R; <; 8; 142; 2; 2342; 2362; 2
42; 42R; <; 9; 141; 2; 2452; 2472; 2
42; 42R; <; 10; 156; 2; 2562; 2582; 2
42; 42R; <; 11; 173; 2; 2672; 2692; 2
42; 42R; <; 12; 172; 2; 2764; 2944; 2
42; 42R; <; 13; 171; 2; 3052; 3052; 2
43; 43H; >; 1; 163; 2; 36; 36; 1
43; 43H; >; 2; 164; 2; 144; 324; 1
43; 43H; >; 3; 165; 2; 396; 416; 1
43; 43H; >; 4; 152; 2; 506; 526; 1
43; 43H; >; 5; 133; 2; 616; 636; 1
43; 43H; >; 6; 120; 2; 726; 746; 1
43; 43H; >; 7; 101; 2; 836; 940; 1
43; 43H; >; 8; 100; 2; 1012; 1192; 1
43; 43H; >; 9; 99; 2; 1264; 1284; 1
43; 43H; >; 10; 87; 2; 1356; 1536; 1
43; 43H; >; 11; 67; 2; 1644; 1824; 1
43; 43H; >; 12; 55; 2; 1932; 2112; 1
43; 43H; >; 13; 35; 2; 2184; 2184; 1
43; 43H; >; 1; 163; 2; 1836; 1836; 2
43; 43H; >; 2; 164; 2; 1944; 2124; 2
43; 43H; >; 3; 165; 2; 2196; 2216; 2
43; 43H; >; 4; 152; 2; 2306; 2326; 2
43; 43H; >; 5; 133; 2; 2416; 2436; 2
43; 43H; >; 6; 120; 2; 2526; 2546; 2
43; 43H; >; 7; 101; 2; 2636; 2740; 2
43; 43H; >; 8; 100; 2; 2812; 2992; 2
43; 43H; >; 9; 99; 2; 3064; 3084; 2
43; 43H; >; 10; 87; 2; 3156; 3336; 2
43; 43H; >; 11; 67; 2; 3444; 24; 2
43; 43H; >; 12; 55; 2; 132; 312; 2
43; 43H; >; 13; 35; 2; 384; 384; 2
43; 43R; <; 1; 35; 2; 2704; 2704; 1
43; 43R; <; 2; 55; 2; 2776; 2796; 1
43; 43R; <; 3; 67; 2; 2868; 2888; 1
43; 43R; <; 4; 87; 2; 2960; 2980; 1
43; 43R; <; 5; 99; 2; 3052; 3072; 1
43; 43R; <; 6; 100; 2; 3144; 3164; 1
43; 43R; <; 7; 101; 2; 3236; 3416; 1
43; 43R; <; 8; 120; 2; 3506; 32; 1
43; 43R; <; 9; 133; 2; 167; 187; 1
43; 43R; <; 10; 152; 2; 277; 297; 1
43; 43R; <; 11; 165; 2; 387; 407; 1
43; 43R; <; 12; 164; 2; 479; 594; 1
43; 43R; <; 13; 163; 2; 666; 666; 1
43; 43R; <; 1; 35; 2; 904; 904; 2
43; 43R; <; 2; 55; 2; 976; 996; 2
43; 43R; <; 3; 67; 2; 1068; 1088; 2
43; 43R; <; 4; 87; 2; 1160; 1180; 2
43; 43R; <; 5; 99; 2; 1252; 1272; 2
43; 43R; <; 6; 100; 2; 1344; 1364; 2
43; 43R; <; 7; 101; 2; 1436; 1616; 2
43; 43R; <; 8; 120; 2; 1706; 1832; 2
43; 43R; <; 9; 133; 2; 1967; 1987; 2
43; 43R; <; 10; 152; 2; 2077; 2097; 2
43; 43R; <; 11; 165; 2; 2187; 2207; 2
43; 43R; <; 12; 164; 2; 2279; 2394; 2
43; 43R; <; 13; 163; 2; 2466; 2466; 2
