# event-id; time
1; 3316
2; 3364
3; 3384
4; 3415
5; 3435
6; 3454
7; 3474
8; 3580
9; 0
10; 98
11; 118
12; 178
13; 198
14; 233
15; 253
16; 282
17; 302
18; 328
19; 348
20; 370
21; 390
22; 435
23; 0
24; 45
25; 65
26; 87
27; 107
28; 133
29; 153
30; 182
31; 202
32; 237
33; 257
34; 317
35; 337
36; 435
37; 455
38; 561
39; 581
40; 600
41; 620
42; 651
43; 671
44; 719
45; 0
46; 41
47; 61
48; 149
49; 169
50; 327
51; 347
52; 529
53; 549
54; 595
55; 615
56; 651
57; 671
58; 715
59; 735
60; 768
61; 788
62; 806
63; 826
64; 850
65; 870
66; 898
67; 1828
68; 1856
69; 1876
70; 1900
71; 1920
72; 1938
73; 1958
74; 1991
75; 2011
76; 2055
77; 2075
78; 2111
79; 2131
80; 2177
81; 2197
82; 2379
83; 2399
84; 2557
85; 2577
86; 2665
87; 2685
88; 2726
89; 2829
90; 2869
91; 2889
92; 2894
93; 2914
94; 3021
95; 3041
96; 3101
97; 3121
98; 3180
99; 3200
100; 3264
101; 3284
102; 3291
103; 3311
104; 3346
105; 0
106; 35
107; 55
108; 62
109; 82
110; 146
111; 166
112; 225
113; 245
114; 305
115; 325
116; 432
117; 452
118; 457
119; 477
120; 517
121; 2283
122; 2319
123; 2339
124; 2385
125; 2405
126; 2440
127; 2460
128; 2467
129; 2487
130; 2516
131; 2536
132; 2559
133; 2579
134; 2770
135; 2790
136; 2823
137; 1797
138; 1830
139; 1850
140; 2041
141; 2061
142; 2084
143; 2104
144; 2133
145; 2153
146; 2160
147; 2180
148; 2215
149; 2235
150; 2281
151; 2301
152; 2337
153; 1328
154; 1377
155; 1397
156; 1411
157; 1431
158; 1450
159; 1470
160; 1567
161; 1587
162; 1778
163; 1798
164; 1831
165; 0
166; 33
167; 53
168; 244
169; 264
170; 361
171; 381
172; 400
173; 420
174; 434
175; 454
176; 503
177; 851
178; 900
179; 920
180; 934
181; 954
182; 985
183; 1005
184; 1066
185; 1086
186; 1140
187; 1160
188; 1200
189; 3009
190; 3049
191; 3069
192; 3123
193; 3143
194; 3204
195; 3224
196; 3255
197; 3275
198; 3289
199; 3309
200; 3358
201; 2923
202; 2972
203; 2992
204; 3006
205; 3026
206; 3045
207; 3065
208; 3122
209; 3142
210; 3240
211; 0
212; 98
213; 118
214; 175
215; 195
216; 214
217; 234
218; 248
219; 268
220; 317
221; 0
222; 28
223; 48
224; 72
225; 92
226; 371
227; 391
228; 673
229; 693
230; 736
231; 0
232; 43
233; 63
234; 345
235; 365
236; 644
237; 664
238; 688
239; 708
240; 736
241; 982
242; 1010
243; 1030
244; 1163
245; 1183
246; 1228
247; 1248
248; 1428
249; 2539
250; 2719
251; 2739
252; 2784
253; 2804
254; 2937
255; 2957
256; 2985
257; 1724
258; 1781
259; 1801
260; 2080
261; 2100
262; 2289
263; 2309
264; 2489
265; 0
266; 180
267; 200
268; 389
269; 409
270; 688
271; 708
272; 765
273; 2649
274; 2717
275; 2737
276; 2814
277; 2834
278; 2943
279; 2906
280; 2974
281; 2994
282; 3071
283; 3091
284; 3200
285; 3163
286; 3231
287; 3251
288; 3328
289; 3348
290; 3457
291; 3420
292; 3488
293; 3508
294; 3585
295; 5
296; 114
297; 77
298; 145
299; 165
300; 242
301; 262
302; 371
303; 334
304; 402
305; 422
306; 499
307; 519
308; 628
309; 591
310; 659
311; 679
312; 756
313; 776
314; 885
315; 848
316; 916
317; 936
318; 1013
319; 1033
320; 1142
321; 1106
322; 1174
323; 1194
324; 1271
325; 1291
326; 1400
327; 1363
328; 1431
329; 1451
330; 1528
331; 1548
332; 1657
333; 1620
334; 1688
335; 1708
336; 1785
337; 1805
338; 1914
339; 1877
340; 1945
341; 1965
342; 2042
343; 2062
344; 2171
345; 2134
346; 2202
347; 2222
348; 2299
349; 2319
350; 2428
351; 2391
352; 2459
353; 2479
354; 2556
355; 2576
356; 2685
357; 3212
358; 3321
359; 3341
360; 3418
361; 3438
362; 3506
363; 3469
364; 3578
365; 3598
366; 75
367; 95
368; 163
369; 126
370; 235
371; 255
372; 332
373; 352
374; 420
375; 383
376; 492
377; 512
378; 589
379; 609
380; 677
381; 640
382; 749
383; 769
384; 846
385; 866
386; 934
387; 897
388; 1006
389; 1026
390; 1103
391; 1123
392; 1191
393; 1154
394; 1263
395; 1283
396; 1360
397; 1380
398; 1448
399; 1411
400; 1520
401; 1540
402; 1617
403; 1637
404; 1705
405; 1669
406; 1778
407; 1798
408; 1875
409; 1895
410; 1963
411; 1926
412; 2035
413; 2055
414; 2132
415; 2152
416; 2220
417; 2183
418; 2292
419; 2312
420; 2389
421; 2409
422; 2477
423; 2440
424; 2549
425; 2569
426; 2646
427; 2666
428; 2734
429; 2697
430; 2806
431; 2826
432; 2903
433; 2923
434; 2991
435; 2954
436; 3063
437; 3083
438; 3160
439; 3180
440; 3248
441; 268
442; 297
443; 317
444; 340
445; 360
446; 540
447; 0
448; 180
449; 200
450; 223
451; 243
452; 272
453; 540
454; 720
455; 720
456; 840
457; 840
458; 960
459; 960
460; 1080
461; 1140
462; 1260
463; 1260
464; 1440
465; 1500
466; 1620
467; 1620
468; 1800
469; 1860
470; 1920
471; 1920
472; 1980
473; 1980
474; 2100
475; 1440
476; 1620
477; 1620
478; 1740
479; 1740
480; 1860
481; 1860
482; 1980
483; 2040
484; 2160
485; 2160
486; 2340
487; 2400
488; 2520
489; 2520
490; 2700
491; 2760
492; 2820
493; 2820
494; 2880
495; 2880
496; 3000
497; 2340
498; 2520
499; 2520
500; 2640
501; 2640
502; 2760
503; 2760
504; 2880
505; 2940
506; 3060
507; 3060
508; 3240
509; 3300
510; 3420
511; 3420
512; 0
513; 60
514; 120
515; 120
516; 180
517; 180
518; 300
519; 3240
520; 3420
521; 3420
522; 3540
523; 3540
524; 60
525; 60
526; 180
527; 240
528; 360
529; 360
530; 540
531; 600
532; 720
533; 720
534; 900
535; 960
536; 1020
537; 1020
538; 1080
539; 1080
540; 1200
541; 780
542; 840
543; 840
544; 960
545; 960
546; 1020
547; 1080
548; 1260
549; 1260
550; 1380
551; 1380
552; 1500
553; 1500
554; 1620
555; 1680
556; 1740
557; 1740
558; 1920
559; 1920
560; 2040
561; 2040
562; 2220
563; 1680
564; 1740
565; 1740
566; 1860
567; 1860
568; 1920
569; 1980
570; 2160
571; 2160
572; 2280
573; 2280
574; 2400
575; 2400
576; 2520
577; 2580
578; 2640
579; 2640
580; 2820
581; 2820
582; 2940
583; 2940
584; 3120
585; 2580
586; 2640
587; 2640
588; 2760
589; 2760
590; 2820
591; 2880
592; 3060
593; 3060
594; 3180
595; 3180
596; 3300
597; 3300
598; 3420
599; 3480
600; 3540
601; 3540
602; 120
603; 120
604; 240
605; 240
606; 420
607; 3480
608; 3540
609; 3540
610; 60
611; 60
612; 120
613; 180
614; 360
615; 360
616; 480
617; 480
618; 600
619; 600
620; 720
621; 780
622; 840
623; 840
624; 1020
625; 1020
626; 1140
627; 1140
628; 1320
629; 540
630; 720
631; 720
632; 840
633; 840
634; 960
635; 960
636; 1080
637; 1140
638; 1260
639; 1260
640; 1440
641; 1500
642; 1620
643; 1620
644; 1800
645; 1860
646; 1920
647; 1920
648; 1980
649; 1980
650; 2100
651; 1440
652; 1620
653; 1620
654; 1740
655; 1740
656; 1860
657; 1860
658; 1980
659; 2040
660; 2160
661; 2160
662; 2340
663; 2400
664; 2520
665; 2520
666; 2700
667; 2760
668; 2820
669; 2820
670; 2880
671; 2880
672; 3000
673; 2340
674; 2520
675; 2520
676; 2640
677; 2640
678; 2760
679; 2760
680; 2880
681; 2940
682; 3060
683; 3060
684; 3240
685; 3300
686; 3420
687; 3420
688; 0
689; 60
690; 120
691; 120
692; 180
693; 180
694; 300
695; 3240
696; 3420
697; 3420
698; 3540
699; 3540
700; 60
701; 60
702; 180
703; 240
704; 360
705; 360
706; 540
707; 600
708; 720
709; 720
710; 900
711; 960
712; 1020
713; 1020
714; 1080
715; 1080
716; 1200
717; 780
718; 840
719; 840
720; 960
721; 960
722; 1020
723; 1080
724; 1260
725; 1260
726; 1380
727; 1380
728; 1500
729; 1500
730; 1620
731; 1680
732; 1740
733; 1740
734; 1920
735; 1920
736; 2040
737; 2040
738; 2220
739; 1680
740; 1740
741; 1740
742; 1860
743; 1860
744; 1920
745; 1980
746; 2160
747; 2160
748; 2280
749; 2280
750; 2400
751; 2400
752; 2520
753; 2580
754; 2640
755; 2640
756; 2820
757; 2820
758; 2940
759; 2940
760; 3120
761; 2580
762; 2640
763; 2640
764; 2760
765; 2760
766; 2820
767; 2880
768; 3060
769; 3060
770; 3180
771; 3180
772; 3300
773; 3300
774; 3420
775; 3480
776; 3540
777; 3540
778; 120
779; 120
780; 240
781; 240
782; 420
783; 3480
784; 3540
785; 3540
786; 60
787; 60
788; 120
789; 180
790; 360
791; 360
792; 480
793; 480
794; 600
795; 600
796; 720
797; 780
798; 840
799; 840
800; 1020
801; 1020
802; 1140
803; 1140
804; 1320
805; 180
806; 240
807; 240
808; 300
809; 300
810; 360
811; 360
812; 420
813; 420
814; 480
815; 480
816; 540
817; 540
818; 660
819; 660
820; 780
821; 780
822; 840
823; 840
824; 900
825; 900
826; 960
827; 960
828; 1080
829; 1080
830; 1140
831; 1140
832; 1260
833; 1260
834; 1320
835; 1320
836; 1380
837; 1380
838; 1500
839; 1500
840; 1680
841; 1680
842; 1740
843; 1740
844; 1800
845; 1860
846; 1920
847; 1920
848; 1980
849; 1980
850; 2040
851; 2040
852; 2220
853; 2220
854; 2280
855; 2280
856; 2340
857; 2340
858; 2400
859; 2400
860; 2460
861; 2460
862; 2520
863; 2520
864; 2580
865; 2640
866; 2700
867; 2700
868; 2760
869; 2760
870; 2820
871; 2820
872; 2940
873; 2940
874; 3060
875; 3060
876; 3120
877; 3120
878; 3240
879; 3240
880; 3360
881; 780
882; 840
883; 840
884; 900
885; 900
886; 960
887; 960
888; 1020
889; 1020
890; 1080
891; 1080
892; 1140
893; 1140
894; 1260
895; 1260
896; 1380
897; 1380
898; 1440
899; 1440
900; 1500
901; 1500
902; 1560
903; 1560
904; 1680
905; 1680
906; 1740
907; 1740
908; 1860
909; 1860
910; 1920
911; 1920
912; 1980
913; 1980
914; 2100
915; 2100
916; 2280
917; 2280
918; 2340
919; 2340
920; 2400
921; 2460
922; 2520
923; 2520
924; 2580
925; 2580
926; 2640
927; 2640
928; 2820
929; 2820
930; 2880
931; 2880
932; 2940
933; 2940
934; 3000
935; 3000
936; 3060
937; 3060
938; 3120
939; 3120
940; 3180
941; 3240
942; 3300
943; 3300
944; 3360
945; 3360
946; 3420
947; 3420
948; 3540
949; 3540
950; 60
951; 60
952; 120
953; 120
954; 240
955; 240
956; 360
957; 1380
958; 1440
959; 1440
960; 1500
961; 1500
962; 1560
963; 1560
964; 1620
965; 1620
966; 1680
967; 1680
968; 1740
969; 1740
970; 1860
971; 1860
972; 1980
973; 1980
974; 2040
975; 2040
976; 2100
977; 2100
978; 2160
979; 2160
980; 2280
981; 2280
982; 2340
983; 2340
984; 2460
985; 2460
986; 2520
987; 2520
988; 2580
989; 2580
990; 2700
991; 2700
992; 2880
993; 2880
994; 2940
995; 2940
996; 3000
997; 3060
998; 3120
999; 3120
1000; 3180
1001; 3180
1002; 3240
1003; 3240
1004; 3420
1005; 3420
1006; 3480
1007; 3480
1008; 3540
1009; 3540
1010; 0
1011; 0
1012; 60
1013; 60
1014; 120
1015; 120
1016; 180
1017; 240
1018; 300
1019; 300
1020; 360
1021; 360
1022; 420
1023; 420
1024; 540
1025; 540
1026; 660
1027; 660
1028; 720
1029; 720
1030; 840
1031; 840
1032; 960
1033; 1980
1034; 2040
1035; 2040
1036; 2100
1037; 2100
1038; 2160
1039; 2160
1040; 2220
1041; 2220
1042; 2280
1043; 2280
1044; 2340
1045; 2340
1046; 2460
1047; 2460
1048; 2580
1049; 2580
1050; 2640
1051; 2640
1052; 2700
1053; 2700
1054; 2760
1055; 2760
1056; 2880
1057; 2880
1058; 2940
1059; 2940
1060; 3060
1061; 3060
1062; 3120
1063; 3120
1064; 3180
1065; 3180
1066; 3300
1067; 3300
1068; 3480
1069; 3480
1070; 3540
1071; 3540
1072; 0
1073; 60
1074; 120
1075; 120
1076; 180
1077; 180
1078; 240
1079; 240
1080; 420
1081; 420
1082; 480
1083; 480
1084; 540
1085; 540
1086; 600
1087; 600
1088; 660
1089; 660
1090; 720
1091; 720
1092; 780
1093; 840
1094; 900
1095; 900
1096; 960
1097; 960
1098; 1020
1099; 1020
1100; 1140
1101; 1140
1102; 1260
1103; 1260
1104; 1320
1105; 1320
1106; 1440
1107; 1440
1108; 1560
1109; 2580
1110; 2640
1111; 2640
1112; 2700
1113; 2700
1114; 2760
1115; 2760
1116; 2820
1117; 2820
1118; 2880
1119; 2880
1120; 2940
1121; 2940
1122; 3060
1123; 3060
1124; 3180
1125; 3180
1126; 3240
1127; 3240
1128; 3300
1129; 3300
1130; 3360
1131; 3360
1132; 3480
1133; 3480
1134; 3540
1135; 3540
1136; 60
1137; 60
1138; 120
1139; 120
1140; 180
1141; 180
1142; 300
1143; 300
1144; 480
1145; 480
1146; 540
1147; 540
1148; 600
1149; 660
1150; 720
1151; 720
1152; 780
1153; 780
1154; 840
1155; 840
1156; 1020
1157; 1020
1158; 1080
1159; 1080
1160; 1140
1161; 1140
1162; 1200
1163; 1200
1164; 1260
1165; 1260
1166; 1320
1167; 1320
1168; 1380
1169; 1440
1170; 1500
1171; 1500
1172; 1560
1173; 1560
1174; 1620
1175; 1620
1176; 1740
1177; 1740
1178; 1860
1179; 1860
1180; 1920
1181; 1920
1182; 2040
1183; 2040
1184; 2160
1185; 3180
1186; 3240
1187; 3240
1188; 3300
1189; 3300
1190; 3360
1191; 3360
1192; 3420
1193; 3420
1194; 3480
1195; 3480
1196; 3540
1197; 3540
1198; 60
1199; 60
1200; 180
1201; 180
1202; 240
1203; 240
1204; 300
1205; 300
1206; 360
1207; 360
1208; 480
1209; 480
1210; 540
1211; 540
1212; 660
1213; 660
1214; 720
1215; 720
1216; 780
1217; 780
1218; 900
1219; 900
1220; 1080
1221; 1080
1222; 1140
1223; 1140
1224; 1200
1225; 1260
1226; 1320
1227; 1320
1228; 1380
1229; 1380
1230; 1440
1231; 1440
1232; 1620
1233; 1620
1234; 1680
1235; 1680
1236; 1740
1237; 1740
1238; 1800
1239; 1800
1240; 1860
1241; 1860
1242; 1920
1243; 1920
1244; 1980
1245; 2040
1246; 2100
1247; 2100
1248; 2160
1249; 2160
1250; 2220
1251; 2220
1252; 2340
1253; 2340
1254; 2460
1255; 2460
1256; 2520
1257; 2520
1258; 2640
1259; 2640
1260; 2760
1261; 120
1262; 240
1263; 240
1264; 300
1265; 300
1266; 360
1267; 360
1268; 420
1269; 420
1270; 540
1271; 540
1272; 600
1273; 600
1274; 660
1275; 660
1276; 780
1277; 840
1278; 840
1279; 840
1280; 960
1281; 960
1282; 1020
1283; 1020
1284; 1080
1285; 1080
1286; 1140
1287; 1140
1288; 1200
1289; 1200
1290; 1380
1291; 1380
1292; 1440
1293; 1440
1294; 1560
1295; 1560
1296; 1620
1297; 1680
1298; 1740
1299; 1740
1300; 1860
1301; 1860
1302; 1920
1303; 1920
1304; 2040
1305; 2040
1306; 2100
1307; 2100
1308; 2220
1309; 2220
1310; 2280
1311; 2280
1312; 2340
1313; 2340
1314; 2460
1315; 2460
1316; 2520
1317; 2520
1318; 2580
1319; 2580
1320; 2700
1321; 2700
1322; 2760
1323; 2760
1324; 2880
1325; 2880
1326; 2940
1327; 2940
1328; 3000
1329; 3000
1330; 3060
1331; 3060
1332; 3120
1333; 3120
1334; 3180
1335; 3180
1336; 3240
1337; 720
1338; 840
1339; 840
1340; 900
1341; 900
1342; 960
1343; 960
1344; 1020
1345; 1020
1346; 1140
1347; 1140
1348; 1200
1349; 1200
1350; 1260
1351; 1260
1352; 1380
1353; 1440
1354; 1440
1355; 1440
1356; 1560
1357; 1560
1358; 1620
1359; 1620
1360; 1680
1361; 1680
1362; 1740
1363; 1740
1364; 1800
1365; 1800
1366; 1980
1367; 1980
1368; 2040
1369; 2040
1370; 2160
1371; 2160
1372; 2220
1373; 2280
1374; 2340
1375; 2340
1376; 2460
1377; 2460
1378; 2520
1379; 2520
1380; 2640
1381; 2640
1382; 2700
1383; 2700
1384; 2820
1385; 2820
1386; 2880
1387; 2880
1388; 2940
1389; 2940
1390; 3060
1391; 3060
1392; 3120
1393; 3120
1394; 3180
1395; 3180
1396; 3300
1397; 3300
1398; 3360
1399; 3360
1400; 3480
1401; 3480
1402; 3540
1403; 3540
1404; 0
1405; 0
1406; 60
1407; 60
1408; 120
1409; 120
1410; 180
1411; 180
1412; 240
1413; 1320
1414; 1440
1415; 1440
1416; 1500
1417; 1500
1418; 1560
1419; 1560
1420; 1620
1421; 1620
1422; 1740
1423; 1740
1424; 1800
1425; 1800
1426; 1860
1427; 1860
1428; 1980
1429; 2040
1430; 2040
1431; 2040
1432; 2160
1433; 2160
1434; 2220
1435; 2220
1436; 2280
1437; 2280
1438; 2340
1439; 2340
1440; 2400
1441; 2400
1442; 2580
1443; 2580
1444; 2640
1445; 2640
1446; 2760
1447; 2760
1448; 2820
1449; 2880
1450; 2940
1451; 2940
1452; 3060
1453; 3060
1454; 3120
1455; 3120
1456; 3240
1457; 3240
1458; 3300
1459; 3300
1460; 3420
1461; 3420
1462; 3480
1463; 3480
1464; 3540
1465; 3540
1466; 60
1467; 60
1468; 120
1469; 120
1470; 180
1471; 180
1472; 300
1473; 300
1474; 360
1475; 360
1476; 480
1477; 480
1478; 540
1479; 540
1480; 600
1481; 600
1482; 660
1483; 660
1484; 720
1485; 720
1486; 780
1487; 780
1488; 840
1489; 1920
1490; 2040
1491; 2040
1492; 2100
1493; 2100
1494; 2160
1495; 2160
1496; 2220
1497; 2220
1498; 2340
1499; 2340
1500; 2400
1501; 2400
1502; 2460
1503; 2460
1504; 2580
1505; 2640
1506; 2640
1507; 2640
1508; 2760
1509; 2760
1510; 2820
1511; 2820
1512; 2880
1513; 2880
1514; 2940
1515; 2940
1516; 3000
1517; 3000
1518; 3180
1519; 3180
1520; 3240
1521; 3240
1522; 3360
1523; 3360
1524; 3420
1525; 3480
1526; 3540
1527; 3540
1528; 60
1529; 60
1530; 120
1531; 120
1532; 240
1533; 240
1534; 300
1535; 300
1536; 420
1537; 420
1538; 480
1539; 480
1540; 540
1541; 540
1542; 660
1543; 660
1544; 720
1545; 720
1546; 780
1547; 780
1548; 900
1549; 900
1550; 960
1551; 960
1552; 1080
1553; 1080
1554; 1140
1555; 1140
1556; 1200
1557; 1200
1558; 1260
1559; 1260
1560; 1320
1561; 1320
1562; 1380
1563; 1380
1564; 1440
1565; 2520
1566; 2640
1567; 2640
1568; 2700
1569; 2700
1570; 2760
1571; 2760
1572; 2820
1573; 2820
1574; 2940
1575; 2940
1576; 3000
1577; 3000
1578; 3060
1579; 3060
1580; 3180
1581; 3240
1582; 3240
1583; 3240
1584; 3360
1585; 3360
1586; 3420
1587; 3420
1588; 3480
1589; 3480
1590; 3540
1591; 3540
1592; 0
1593; 0
1594; 180
1595; 180
1596; 240
1597; 240
1598; 360
1599; 360
1600; 420
1601; 480
1602; 540
1603; 540
1604; 660
1605; 660
1606; 720
1607; 720
1608; 840
1609; 840
1610; 900
1611; 900
1612; 1020
1613; 1020
1614; 1080
1615; 1080
1616; 1140
1617; 1140
1618; 1260
1619; 1260
1620; 1320
1621; 1320
1622; 1380
1623; 1380
1624; 1500
1625; 1500
1626; 1560
1627; 1560
1628; 1680
1629; 1680
1630; 1740
1631; 1740
1632; 1800
1633; 1800
1634; 1860
1635; 1860
1636; 1920
1637; 1920
1638; 1980
1639; 1980
1640; 2040
1641; 3120
1642; 3240
1643; 3240
1644; 3300
1645; 3300
1646; 3360
1647; 3360
1648; 3420
1649; 3420
1650; 3540
1651; 3540
1652; 0
1653; 0
1654; 60
1655; 60
1656; 180
1657; 240
1658; 240
1659; 240
1660; 360
1661; 360
1662; 420
1663; 420
1664; 480
1665; 480
1666; 540
1667; 540
1668; 600
1669; 600
1670; 780
1671; 780
1672; 840
1673; 840
1674; 960
1675; 960
1676; 1020
1677; 1080
1678; 1140
1679; 1140
1680; 1260
1681; 1260
1682; 1320
1683; 1320
1684; 1440
1685; 1440
1686; 1500
1687; 1500
1688; 1620
1689; 1620
1690; 1680
1691; 1680
1692; 1740
1693; 1740
1694; 1860
1695; 1860
1696; 1920
1697; 1920
1698; 1980
1699; 1980
1700; 2100
1701; 2100
1702; 2160
1703; 2160
1704; 2280
1705; 2280
1706; 2340
1707; 2340
1708; 2400
1709; 2400
1710; 2460
1711; 2460
1712; 2520
1713; 2520
1714; 2580
1715; 2580
1716; 2640
1717; 120
1718; 180
1719; 180
1720; 240
1721; 240
1722; 300
1723; 300
1724; 360
1725; 360
1726; 420
1727; 420
1728; 540
1729; 540
1730; 600
1731; 600
1732; 720
1733; 720
1734; 780
1735; 780
1736; 840
1737; 840
1738; 960
1739; 960
1740; 1020
1741; 1020
1742; 1080
1743; 1080
1744; 1200
1745; 1200
1746; 1320
1747; 1320
1748; 1380
1749; 1380
1750; 1440
1751; 1440
1752; 1560
1753; 1560
1754; 1740
1755; 1740
1756; 1800
1757; 1800
1758; 1920
1759; 1920
1760; 1980
1761; 1980
1762; 2100
1763; 2100
1764; 2100
1765; 2100
1766; 2160
1767; 2160
1768; 2340
1769; 2340
1770; 2400
1771; 2400
1772; 2460
1773; 2460
1774; 2520
1775; 720
1776; 780
1777; 780
1778; 840
1779; 840
1780; 900
1781; 900
1782; 960
1783; 960
1784; 1020
1785; 1020
1786; 1140
1787; 1140
1788; 1200
1789; 1200
1790; 1320
1791; 1320
1792; 1380
1793; 1380
1794; 1440
1795; 1440
1796; 1560
1797; 1560
1798; 1620
1799; 1620
1800; 1680
1801; 1680
1802; 1800
1803; 1800
1804; 1920
1805; 1920
1806; 1980
1807; 1980
1808; 2040
1809; 2040
1810; 2160
1811; 2160
1812; 2340
1813; 2340
1814; 2400
1815; 2400
1816; 2520
1817; 2520
1818; 2580
1819; 2580
1820; 2700
1821; 2700
1822; 2700
1823; 2700
1824; 2760
1825; 2760
1826; 2940
1827; 2940
1828; 3000
1829; 3000
1830; 3060
1831; 3060
1832; 3120
1833; 1320
1834; 1380
1835; 1380
1836; 1440
1837; 1440
1838; 1500
1839; 1500
1840; 1560
1841; 1560
1842; 1620
1843; 1620
1844; 1740
1845; 1740
1846; 1800
1847; 1800
1848; 1920
1849; 1920
1850; 1980
1851; 1980
1852; 2040
1853; 2040
1854; 2160
1855; 2160
1856; 2220
1857; 2220
1858; 2280
1859; 2280
1860; 2400
1861; 2400
1862; 2520
1863; 2520
1864; 2580
1865; 2580
1866; 2640
1867; 2640
1868; 2760
1869; 2760
1870; 2940
1871; 2940
1872; 3000
1873; 3000
1874; 3120
1875; 3120
1876; 3180
1877; 3180
1878; 3300
1879; 3300
1880; 3300
1881; 3300
1882; 3360
1883; 3360
1884; 3540
1885; 3540
1886; 0
1887; 0
1888; 60
1889; 60
1890; 120
1891; 1920
1892; 1980
1893; 1980
1894; 2040
1895; 2040
1896; 2100
1897; 2100
1898; 2160
1899; 2160
1900; 2220
1901; 2220
1902; 2340
1903; 2340
1904; 2400
1905; 2400
1906; 2520
1907; 2520
1908; 2580
1909; 2580
1910; 2640
1911; 2640
1912; 2760
1913; 2760
1914; 2820
1915; 2820
1916; 2880
1917; 2880
1918; 3000
1919; 3000
1920; 3120
1921; 3120
1922; 3180
1923; 3180
1924; 3240
1925; 3240
1926; 3360
1927; 3360
1928; 3540
1929; 3540
1930; 0
1931; 0
1932; 120
1933; 120
1934; 180
1935; 180
1936; 300
1937; 300
1938; 300
1939; 300
1940; 360
1941; 360
1942; 540
1943; 540
1944; 600
1945; 600
1946; 660
1947; 660
1948; 720
1949; 2520
1950; 2580
1951; 2580
1952; 2640
1953; 2640
1954; 2700
1955; 2700
1956; 2760
1957; 2760
1958; 2820
1959; 2820
1960; 2940
1961; 2940
1962; 3000
1963; 3000
1964; 3120
1965; 3120
1966; 3180
1967; 3180
1968; 3240
1969; 3240
1970; 3360
1971; 3360
1972; 3420
1973; 3420
1974; 3480
1975; 3480
1976; 0
1977; 0
1978; 120
1979; 120
1980; 180
1981; 180
1982; 240
1983; 240
1984; 360
1985; 360
1986; 540
1987; 540
1988; 600
1989; 600
1990; 720
1991; 720
1992; 780
1993; 780
1994; 900
1995; 900
1996; 900
1997; 900
1998; 960
1999; 960
2000; 1140
2001; 1140
2002; 1200
2003; 1200
2004; 1260
2005; 1260
2006; 1320
2007; 3120
2008; 3180
2009; 3180
2010; 3240
2011; 3240
2012; 3300
2013; 3300
2014; 3360
2015; 3360
2016; 3420
2017; 3420
2018; 3540
2019; 3540
2020; 0
2021; 0
2022; 120
2023; 120
2024; 180
2025; 180
2026; 240
2027; 240
2028; 360
2029; 360
2030; 420
2031; 420
2032; 480
2033; 480
2034; 600
2035; 600
2036; 720
2037; 720
2038; 780
2039; 780
2040; 840
2041; 840
2042; 960
2043; 960
2044; 1140
2045; 1140
2046; 1200
2047; 1200
2048; 1320
2049; 1320
2050; 1380
2051; 1380
2052; 1500
2053; 1500
2054; 1500
2055; 1500
2056; 1560
2057; 1560
2058; 1740
2059; 1740
2060; 1800
2061; 1800
2062; 1860
2063; 1860
2064; 1920
2065; 420
2066; 480
2067; 480
2068; 540
2069; 540
2070; 600
2071; 600
2072; 780
2073; 780
2074; 840
2075; 840
2076; 840
2077; 840
2078; 960
2079; 960
2080; 1020
2081; 1020
2082; 1140
2083; 1140
2084; 1200
2085; 1200
2086; 1380
2087; 1380
2088; 1500
2089; 1500
2090; 1560
2091; 1560
2092; 1620
2093; 1620
2094; 1740
2095; 1740
2096; 1860
2097; 1860
2098; 1920
2099; 1920
2100; 1980
2101; 1980
2102; 2100
2103; 2100
2104; 2160
2105; 2160
2106; 2220
2107; 2220
2108; 2340
2109; 2340
2110; 2400
2111; 2400
2112; 2520
2113; 2520
2114; 2580
2115; 2580
2116; 2640
2117; 2640
2118; 2700
2119; 2700
2120; 2760
2121; 2760
2122; 2820
2123; 1020
2124; 1080
2125; 1080
2126; 1140
2127; 1140
2128; 1200
2129; 1200
2130; 1380
2131; 1380
2132; 1440
2133; 1440
2134; 1440
2135; 1440
2136; 1560
2137; 1560
2138; 1620
2139; 1620
2140; 1740
2141; 1740
2142; 1800
2143; 1800
2144; 1980
2145; 1980
2146; 2100
2147; 2100
2148; 2160
2149; 2160
2150; 2220
2151; 2220
2152; 2340
2153; 2340
2154; 2460
2155; 2460
2156; 2520
2157; 2520
2158; 2580
2159; 2580
2160; 2700
2161; 2700
2162; 2760
2163; 2760
2164; 2820
2165; 2820
2166; 2940
2167; 2940
2168; 3000
2169; 3000
2170; 3120
2171; 3120
2172; 3180
2173; 3180
2174; 3240
2175; 3240
2176; 3300
2177; 3300
2178; 3360
2179; 3360
2180; 3420
2181; 1620
2182; 1680
2183; 1680
2184; 1740
2185; 1740
2186; 1800
2187; 1800
2188; 1980
2189; 1980
2190; 2040
2191; 2040
2192; 2040
2193; 2040
2194; 2160
2195; 2160
2196; 2220
2197; 2220
2198; 2340
2199; 2340
2200; 2400
2201; 2400
2202; 2580
2203; 2580
2204; 2700
2205; 2700
2206; 2760
2207; 2760
2208; 2820
2209; 2820
2210; 2940
2211; 2940
2212; 3060
2213; 3060
2214; 3120
2215; 3120
2216; 3180
2217; 3180
2218; 3300
2219; 3300
2220; 3360
2221; 3360
2222; 3420
2223; 3420
2224; 3540
2225; 3540
2226; 0
2227; 0
2228; 120
2229; 120
2230; 180
2231; 180
2232; 240
2233; 240
2234; 300
2235; 300
2236; 360
2237; 360
2238; 420
2239; 2220
2240; 2280
2241; 2280
2242; 2340
2243; 2340
2244; 2400
2245; 2400
2246; 2580
2247; 2580
2248; 2640
2249; 2640
2250; 2640
2251; 2640
2252; 2760
2253; 2760
2254; 2820
2255; 2820
2256; 2940
2257; 2940
2258; 3000
2259; 3000
2260; 3180
2261; 3180
2262; 3300
2263; 3300
2264; 3360
2265; 3360
2266; 3420
2267; 3420
2268; 3540
2269; 3540
2270; 60
2271; 60
2272; 120
2273; 120
2274; 180
2275; 180
2276; 300
2277; 300
2278; 360
2279; 360
2280; 420
2281; 420
2282; 540
2283; 540
2284; 600
2285; 600
2286; 720
2287; 720
2288; 780
2289; 780
2290; 840
2291; 840
2292; 900
2293; 900
2294; 960
2295; 960
2296; 1020
2297; 2820
2298; 2880
2299; 2880
2300; 2940
2301; 2940
2302; 3000
2303; 3000
2304; 3180
2305; 3180
2306; 3240
2307; 3240
2308; 3240
2309; 3240
2310; 3360
2311; 3360
2312; 3420
2313; 3420
2314; 3540
2315; 3540
2316; 0
2317; 0
2318; 180
2319; 180
2320; 300
2321; 300
2322; 360
2323; 360
2324; 420
2325; 420
2326; 540
2327; 540
2328; 660
2329; 660
2330; 720
2331; 720
2332; 780
2333; 780
2334; 900
2335; 900
2336; 960
2337; 960
2338; 1020
2339; 1020
2340; 1140
2341; 1140
2342; 1200
2343; 1200
2344; 1320
2345; 1320
2346; 1380
2347; 1380
2348; 1440
2349; 1440
2350; 1500
2351; 1500
2352; 1560
2353; 1560
2354; 1620
2355; 3420
2356; 3480
2357; 3480
2358; 3540
2359; 3540
2360; 0
2361; 0
2362; 180
2363; 180
2364; 240
2365; 240
2366; 240
2367; 240
2368; 360
2369; 360
2370; 420
2371; 420
2372; 540
2373; 540
2374; 600
2375; 600
2376; 780
2377; 780
2378; 900
2379; 900
2380; 960
2381; 960
2382; 1020
2383; 1020
2384; 1140
2385; 1140
2386; 1260
2387; 1260
2388; 1320
2389; 1320
2390; 1380
2391; 1380
2392; 1500
2393; 1500
2394; 1560
2395; 1560
2396; 1620
2397; 1620
2398; 1740
2399; 1740
2400; 1800
2401; 1800
2402; 1920
2403; 1920
2404; 1980
2405; 1980
2406; 2040
2407; 2040
2408; 2100
2409; 2100
2410; 2160
2411; 2160
2412; 2220
