# line-id; line-code; direction; stop-order; stop-id; frequency; arrival_time; departure_time; line-repetition
3; 3H; >; 1; 43; 1; 3316; 3316; 1
3; 3H; >; 2; 44; 1; 3364; 3384; 1
3; 3H; >; 3; 29; 1; 3415; 3435; 1
3; 3H; >; 4; 45; 1; 3454; 3474; 1
3; 3H; >; 5; 34; 1; 3580; 0; 1
3; 3H; >; 6; 47; 1; 98; 118; 1
3; 3H; >; 7; 42; 1; 178; 198; 1
3; 3H; >; 8; 35; 1; 233; 253; 1
3; 3H; >; 9; 37; 1; 282; 302; 1
3; 3H; >; 10; 38; 1; 328; 348; 1
3; 3H; >; 11; 36; 1; 370; 390; 1
3; 3H; >; 12; 39; 1; 435; 435; 1
3; 3R; <; 1; 39; 1; 0; 0; 1
3; 3R; <; 2; 36; 1; 45; 65; 1
3; 3R; <; 3; 38; 1; 87; 107; 1
3; 3R; <; 4; 37; 1; 133; 153; 1
3; 3R; <; 5; 35; 1; 182; 202; 1
3; 3R; <; 6; 42; 1; 237; 257; 1
3; 3R; <; 7; 47; 1; 317; 337; 1
3; 3R; <; 8; 34; 1; 435; 455; 1
3; 3R; <; 9; 45; 1; 561; 581; 1
3; 3R; <; 10; 29; 1; 600; 620; 1
3; 3R; <; 11; 44; 1; 651; 671; 1
3; 3R; <; 12; 43; 1; 719; 719; 1
5; 5H; >; 1; 78; 1; 0; 0; 1
5; 5H; >; 2; 14; 1; 41; 61; 1
5; 5H; >; 3; 13; 1; 149; 169; 1
5; 5H; >; 4; 11; 1; 327; 347; 1
5; 5H; >; 5; 51; 1; 529; 549; 1
5; 5H; >; 6; 52; 1; 595; 615; 1
5; 5H; >; 7; 50; 1; 651; 671; 1
5; 5H; >; 8; 48; 1; 715; 735; 1
5; 5H; >; 9; 53; 1; 768; 788; 1
5; 5H; >; 10; 88; 1; 806; 826; 1
5; 5H; >; 11; 92; 1; 850; 870; 1
5; 5H; >; 12; 54; 1; 898; 898; 1
5; 5R; <; 1; 54; 1; 1828; 1828; 1
5; 5R; <; 2; 92; 1; 1856; 1876; 1
5; 5R; <; 3; 88; 1; 1900; 1920; 1
5; 5R; <; 4; 53; 1; 1938; 1958; 1
5; 5R; <; 5; 48; 1; 1991; 2011; 1
5; 5R; <; 6; 50; 1; 2055; 2075; 1
5; 5R; <; 7; 52; 1; 2111; 2131; 1
5; 5R; <; 8; 51; 1; 2177; 2197; 1
5; 5R; <; 9; 11; 1; 2379; 2399; 1
5; 5R; <; 10; 13; 1; 2557; 2577; 1
5; 5R; <; 11; 14; 1; 2665; 2685; 1
5; 5R; <; 12; 78; 1; 2726; 2726; 1
13; 13H; >; 1; 85; 1; 2829; 2829; 1
13; 13H; >; 2; 86; 1; 2869; 2889; 1
13; 13H; >; 3; 6; 1; 2894; 2914; 1
13; 13H; >; 4; 7; 1; 3021; 3041; 1
13; 13H; >; 5; 8; 1; 3101; 3121; 1
13; 13H; >; 6; 9; 1; 3180; 3200; 1
13; 13H; >; 7; 68; 1; 3264; 3284; 1
13; 13H; >; 8; 69; 1; 3291; 3311; 1
13; 13H; >; 9; 51; 1; 3346; 3346; 1
13; 13R; <; 1; 51; 1; 0; 0; 1
13; 13R; <; 2; 69; 1; 35; 55; 1
13; 13R; <; 3; 68; 1; 62; 82; 1
13; 13R; <; 4; 9; 1; 146; 166; 1
13; 13R; <; 5; 8; 1; 225; 245; 1
13; 13R; <; 6; 7; 1; 305; 325; 1
13; 13R; <; 7; 6; 1; 432; 452; 1
13; 13R; <; 8; 86; 1; 457; 477; 1
13; 13R; <; 9; 85; 1; 517; 517; 1
14; 14H; >; 1; 50; 1; 2283; 2283; 1
14; 14H; >; 2; 52; 1; 2319; 2339; 1
14; 14H; >; 3; 51; 1; 2385; 2405; 1
14; 14H; >; 4; 69; 1; 2440; 2460; 1
14; 14H; >; 5; 68; 1; 2467; 2487; 1
14; 14H; >; 6; 67; 1; 2516; 2536; 1
14; 14H; >; 7; 46; 1; 2559; 2579; 1
14; 14H; >; 8; 53; 1; 2770; 2790; 1
14; 14H; >; 9; 48; 1; 2823; 2823; 1
14; 14R; <; 1; 48; 1; 1797; 1797; 1
14; 14R; <; 2; 53; 1; 1830; 1850; 1
14; 14R; <; 3; 46; 1; 2041; 2061; 1
14; 14R; <; 4; 67; 1; 2084; 2104; 1
14; 14R; <; 5; 68; 1; 2133; 2153; 1
14; 14R; <; 6; 69; 1; 2160; 2180; 1
14; 14R; <; 7; 51; 1; 2215; 2235; 1
14; 14R; <; 8; 52; 1; 2281; 2301; 1
14; 14R; <; 9; 50; 1; 2337; 2337; 1
26; 26H; >; 1; 55; 1; 1328; 1328; 1
26; 26H; >; 2; 56; 1; 1377; 1397; 1
26; 26H; >; 3; 29; 1; 1411; 1431; 1
26; 26H; >; 4; 45; 1; 1450; 1470; 1
26; 26H; >; 5; 46; 1; 1567; 1587; 1
26; 26H; >; 6; 53; 1; 1778; 1798; 1
26; 26H; >; 7; 48; 1; 1831; 1831; 1
26; 26R; <; 1; 48; 1; 0; 0; 1
26; 26R; <; 2; 53; 1; 33; 53; 1
26; 26R; <; 3; 46; 1; 244; 264; 1
26; 26R; <; 4; 45; 1; 361; 381; 1
26; 26R; <; 5; 29; 1; 400; 420; 1
26; 26R; <; 6; 56; 1; 434; 454; 1
26; 26R; <; 7; 55; 1; 503; 503; 1
27; 27H; >; 1; 55; 1; 851; 851; 1
27; 27H; >; 2; 56; 1; 900; 920; 1
27; 27H; >; 3; 29; 1; 934; 954; 1
27; 27H; >; 4; 44; 1; 985; 1005; 1
27; 27H; >; 5; 85; 1; 1066; 1086; 1
27; 27H; >; 6; 5; 1; 1140; 1160; 1
27; 27H; >; 7; 4; 1; 1200; 1200; 1
27; 27R; <; 1; 4; 1; 3009; 3009; 1
27; 27R; <; 2; 5; 1; 3049; 3069; 1
27; 27R; <; 3; 85; 1; 3123; 3143; 1
27; 27R; <; 4; 44; 1; 3204; 3224; 1
27; 27R; <; 5; 29; 1; 3255; 3275; 1
27; 27R; <; 6; 56; 1; 3289; 3309; 1
27; 27R; <; 7; 55; 1; 3358; 3358; 1
36; 36H; >; 1; 55; 1; 2923; 2923; 1
36; 36H; >; 2; 56; 1; 2972; 2992; 1
36; 36H; >; 3; 29; 1; 3006; 3026; 1
36; 36H; >; 4; 45; 1; 3045; 3065; 1
36; 36H; >; 5; 47; 1; 3122; 3142; 1
36; 36H; >; 6; 34; 1; 3240; 3240; 1
36; 36R; <; 1; 34; 1; 0; 0; 1
36; 36R; <; 2; 47; 1; 98; 118; 1
36; 36R; <; 3; 45; 1; 175; 195; 1
36; 36R; <; 4; 29; 1; 214; 234; 1
36; 36R; <; 5; 56; 1; 248; 268; 1
36; 36R; <; 6; 55; 1; 317; 317; 1
38; 38H; >; 1; 54; 1; 0; 0; 1
38; 38H; >; 2; 92; 1; 28; 48; 1
38; 38H; >; 3; 88; 1; 72; 92; 1
38; 38H; >; 4; 45; 1; 371; 391; 1
38; 38H; >; 5; 53; 1; 673; 693; 1
38; 38H; >; 6; 49; 1; 736; 736; 1
38; 38R; <; 1; 49; 1; 0; 0; 1
38; 38R; <; 2; 53; 1; 43; 63; 1
38; 38R; <; 3; 45; 1; 345; 365; 1
38; 38R; <; 4; 88; 1; 644; 664; 1
38; 38R; <; 5; 92; 1; 688; 708; 1
38; 38R; <; 6; 54; 1; 736; 736; 1
55; 55H; >; 1; 54; 1; 982; 982; 1
55; 55H; >; 2; 92; 1; 1010; 1030; 1
55; 55H; >; 3; 42; 1; 1163; 1183; 1
55; 55H; >; 4; 46; 1; 1228; 1248; 1
55; 55H; >; 5; 34; 1; 1428; 1428; 1
55; 55R; <; 1; 34; 1; 2539; 2539; 1
55; 55R; <; 2; 46; 1; 2719; 2739; 1
55; 55R; <; 3; 42; 1; 2784; 2804; 1
55; 55R; <; 4; 92; 1; 2937; 2957; 1
55; 55R; <; 5; 54; 1; 2985; 2985; 1
60; 60H; >; 1; 47; 1; 1724; 1724; 1
60; 60H; >; 2; 45; 1; 1781; 1801; 1
60; 60H; >; 3; 88; 1; 2080; 2100; 1
60; 60H; >; 4; 46; 1; 2289; 2309; 1
60; 60H; >; 5; 34; 1; 2489; 2489; 1
60; 60R; <; 1; 34; 1; 0; 0; 1
60; 60R; <; 2; 46; 1; 180; 200; 1
60; 60R; <; 3; 88; 1; 389; 409; 1
60; 60R; <; 4; 45; 1; 688; 708; 1
60; 60R; <; 5; 47; 1; 765; 765; 1
66; 66H; >; 1; 82; 14; 2649; 2649; 1
66; 66H; >; 2; 81; 14; 2717; 2737; 1
66; 66H; >; 3; 62; 14; 2814; 2834; 1
66; 66H; >; 4; 63; 14; 2943; 2943; 1
66; 66H; >; 1; 82; 14; 2906; 2906; 2
66; 66H; >; 2; 81; 14; 2974; 2994; 2
66; 66H; >; 3; 62; 14; 3071; 3091; 2
66; 66H; >; 4; 63; 14; 3200; 3200; 2
66; 66H; >; 1; 82; 14; 3163; 3163; 3
66; 66H; >; 2; 81; 14; 3231; 3251; 3
66; 66H; >; 3; 62; 14; 3328; 3348; 3
66; 66H; >; 4; 63; 14; 3457; 3457; 3
66; 66H; >; 1; 82; 14; 3420; 3420; 4
66; 66H; >; 2; 81; 14; 3488; 3508; 4
66; 66H; >; 3; 62; 14; 3585; 5; 4
66; 66H; >; 4; 63; 14; 114; 114; 4
66; 66H; >; 1; 82; 14; 77; 77; 5
66; 66H; >; 2; 81; 14; 145; 165; 5
66; 66H; >; 3; 62; 14; 242; 262; 5
66; 66H; >; 4; 63; 14; 371; 371; 5
66; 66H; >; 1; 82; 14; 334; 334; 6
66; 66H; >; 2; 81; 14; 402; 422; 6
66; 66H; >; 3; 62; 14; 499; 519; 6
66; 66H; >; 4; 63; 14; 628; 628; 6
66; 66H; >; 1; 82; 14; 591; 591; 7
66; 66H; >; 2; 81; 14; 659; 679; 7
66; 66H; >; 3; 62; 14; 756; 776; 7
66; 66H; >; 4; 63; 14; 885; 885; 7
66; 66H; >; 1; 82; 14; 848; 848; 8
66; 66H; >; 2; 81; 14; 916; 936; 8
66; 66H; >; 3; 62; 14; 1013; 1033; 8
66; 66H; >; 4; 63; 14; 1142; 1142; 8
66; 66H; >; 1; 82; 14; 1106; 1106; 9
66; 66H; >; 2; 81; 14; 1174; 1194; 9
66; 66H; >; 3; 62; 14; 1271; 1291; 9
66; 66H; >; 4; 63; 14; 1400; 1400; 9
66; 66H; >; 1; 82; 14; 1363; 1363; 10
66; 66H; >; 2; 81; 14; 1431; 1451; 10
66; 66H; >; 3; 62; 14; 1528; 1548; 10
66; 66H; >; 4; 63; 14; 1657; 1657; 10
66; 66H; >; 1; 82; 14; 1620; 1620; 11
66; 66H; >; 2; 81; 14; 1688; 1708; 11
66; 66H; >; 3; 62; 14; 1785; 1805; 11
66; 66H; >; 4; 63; 14; 1914; 1914; 11
66; 66H; >; 1; 82; 14; 1877; 1877; 12
66; 66H; >; 2; 81; 14; 1945; 1965; 12
66; 66H; >; 3; 62; 14; 2042; 2062; 12
66; 66H; >; 4; 63; 14; 2171; 2171; 12
66; 66H; >; 1; 82; 14; 2134; 2134; 13
66; 66H; >; 2; 81; 14; 2202; 2222; 13
66; 66H; >; 3; 62; 14; 2299; 2319; 13
66; 66H; >; 4; 63; 14; 2428; 2428; 13
66; 66H; >; 1; 82; 14; 2391; 2391; 14
66; 66H; >; 2; 81; 14; 2459; 2479; 14
66; 66H; >; 3; 62; 14; 2556; 2576; 14
66; 66H; >; 4; 63; 14; 2685; 2685; 14
66; 66R; <; 1; 63; 14; 3212; 3212; 1
66; 66R; <; 2; 62; 14; 3321; 3341; 1
66; 66R; <; 3; 81; 14; 3418; 3438; 1
66; 66R; <; 4; 82; 14; 3506; 3506; 1
66; 66R; <; 1; 63; 14; 3469; 3469; 2
66; 66R; <; 2; 62; 14; 3578; 3598; 2
66; 66R; <; 3; 81; 14; 75; 95; 2
66; 66R; <; 4; 82; 14; 163; 163; 2
66; 66R; <; 1; 63; 14; 126; 126; 3
66; 66R; <; 2; 62; 14; 235; 255; 3
66; 66R; <; 3; 81; 14; 332; 352; 3
66; 66R; <; 4; 82; 14; 420; 420; 3
66; 66R; <; 1; 63; 14; 383; 383; 4
66; 66R; <; 2; 62; 14; 492; 512; 4
66; 66R; <; 3; 81; 14; 589; 609; 4
66; 66R; <; 4; 82; 14; 677; 677; 4
66; 66R; <; 1; 63; 14; 640; 640; 5
66; 66R; <; 2; 62; 14; 749; 769; 5
66; 66R; <; 3; 81; 14; 846; 866; 5
66; 66R; <; 4; 82; 14; 934; 934; 5
66; 66R; <; 1; 63; 14; 897; 897; 6
66; 66R; <; 2; 62; 14; 1006; 1026; 6
66; 66R; <; 3; 81; 14; 1103; 1123; 6
66; 66R; <; 4; 82; 14; 1191; 1191; 6
66; 66R; <; 1; 63; 14; 1154; 1154; 7
66; 66R; <; 2; 62; 14; 1263; 1283; 7
66; 66R; <; 3; 81; 14; 1360; 1380; 7
66; 66R; <; 4; 82; 14; 1448; 1448; 7
66; 66R; <; 1; 63; 14; 1411; 1411; 8
66; 66R; <; 2; 62; 14; 1520; 1540; 8
66; 66R; <; 3; 81; 14; 1617; 1637; 8
66; 66R; <; 4; 82; 14; 1705; 1705; 8
66; 66R; <; 1; 63; 14; 1669; 1669; 9
66; 66R; <; 2; 62; 14; 1778; 1798; 9
66; 66R; <; 3; 81; 14; 1875; 1895; 9
66; 66R; <; 4; 82; 14; 1963; 1963; 9
66; 66R; <; 1; 63; 14; 1926; 1926; 10
66; 66R; <; 2; 62; 14; 2035; 2055; 10
66; 66R; <; 3; 81; 14; 2132; 2152; 10
66; 66R; <; 4; 82; 14; 2220; 2220; 10
66; 66R; <; 1; 63; 14; 2183; 2183; 11
66; 66R; <; 2; 62; 14; 2292; 2312; 11
66; 66R; <; 3; 81; 14; 2389; 2409; 11
66; 66R; <; 4; 82; 14; 2477; 2477; 11
66; 66R; <; 1; 63; 14; 2440; 2440; 12
66; 66R; <; 2; 62; 14; 2549; 2569; 12
66; 66R; <; 3; 81; 14; 2646; 2666; 12
66; 66R; <; 4; 82; 14; 2734; 2734; 12
66; 66R; <; 1; 63; 14; 2697; 2697; 13
66; 66R; <; 2; 62; 14; 2806; 2826; 13
66; 66R; <; 3; 81; 14; 2903; 2923; 13
66; 66R; <; 4; 82; 14; 2991; 2991; 13
66; 66R; <; 1; 63; 14; 2954; 2954; 14
66; 66R; <; 2; 62; 14; 3063; 3083; 14
66; 66R; <; 3; 81; 14; 3160; 3180; 14
66; 66R; <; 4; 82; 14; 3248; 3248; 14
67; 67H; >; 1; 68; 1; 268; 268; 1
67; 67H; >; 2; 67; 1; 297; 317; 1
67; 67H; >; 3; 46; 1; 340; 360; 1
67; 67H; >; 4; 34; 1; 540; 540; 1
67; 67R; <; 1; 34; 1; 0; 0; 1
67; 67R; <; 2; 46; 1; 180; 200; 1
67; 67R; <; 3; 67; 1; 223; 243; 1
67; 67R; <; 4; 68; 1; 272; 272; 1
77; 77H; >; 1; 87; 4; 540; 540; 1
77; 77H; >; 2; 34; 4; 720; 720; 1
77; 77H; >; 3; 88; 4; 840; 840; 1
77; 77H; >; 4; 32; 4; 960; 960; 1
77; 77H; >; 5; 84; 4; 1080; 1140; 1
77; 77H; >; 6; 70; 4; 1260; 1260; 1
77; 77H; >; 7; 82; 4; 1440; 1500; 1
77; 77H; >; 8; 90; 4; 1620; 1620; 1
77; 77H; >; 9; 64; 4; 1800; 1860; 1
77; 77H; >; 10; 59; 4; 1920; 1920; 1
77; 77H; >; 11; 79; 4; 1980; 1980; 1
77; 77H; >; 12; 58; 4; 2100; 2100; 1
77; 77H; >; 1; 87; 4; 1440; 1440; 2
77; 77H; >; 2; 34; 4; 1620; 1620; 2
77; 77H; >; 3; 88; 4; 1740; 1740; 2
77; 77H; >; 4; 32; 4; 1860; 1860; 2
77; 77H; >; 5; 84; 4; 1980; 2040; 2
77; 77H; >; 6; 70; 4; 2160; 2160; 2
77; 77H; >; 7; 82; 4; 2340; 2400; 2
77; 77H; >; 8; 90; 4; 2520; 2520; 2
77; 77H; >; 9; 64; 4; 2700; 2760; 2
77; 77H; >; 10; 59; 4; 2820; 2820; 2
77; 77H; >; 11; 79; 4; 2880; 2880; 2
77; 77H; >; 12; 58; 4; 3000; 3000; 2
77; 77H; >; 1; 87; 4; 2340; 2340; 3
77; 77H; >; 2; 34; 4; 2520; 2520; 3
77; 77H; >; 3; 88; 4; 2640; 2640; 3
77; 77H; >; 4; 32; 4; 2760; 2760; 3
77; 77H; >; 5; 84; 4; 2880; 2940; 3
77; 77H; >; 6; 70; 4; 3060; 3060; 3
77; 77H; >; 7; 82; 4; 3240; 3300; 3
77; 77H; >; 8; 90; 4; 3420; 3420; 3
77; 77H; >; 9; 64; 4; 0; 60; 3
77; 77H; >; 10; 59; 4; 120; 120; 3
77; 77H; >; 11; 79; 4; 180; 180; 3
77; 77H; >; 12; 58; 4; 300; 300; 3
77; 77H; >; 1; 87; 4; 3240; 3240; 4
77; 77H; >; 2; 34; 4; 3420; 3420; 4
77; 77H; >; 3; 88; 4; 3540; 3540; 4
77; 77H; >; 4; 32; 4; 60; 60; 4
77; 77H; >; 5; 84; 4; 180; 240; 4
77; 77H; >; 6; 70; 4; 360; 360; 4
77; 77H; >; 7; 82; 4; 540; 600; 4
77; 77H; >; 8; 90; 4; 720; 720; 4
77; 77H; >; 9; 64; 4; 900; 960; 4
77; 77H; >; 10; 59; 4; 1020; 1020; 4
77; 77H; >; 11; 79; 4; 1080; 1080; 4
77; 77H; >; 12; 58; 4; 1200; 1200; 4
77; 77R; <; 1; 58; 4; 780; 780; 1
77; 77R; <; 2; 79; 4; 840; 840; 1
77; 77R; <; 3; 59; 4; 960; 960; 1
77; 77R; <; 4; 64; 4; 1020; 1080; 1
77; 77R; <; 5; 90; 4; 1260; 1260; 1
77; 77R; <; 6; 82; 4; 1380; 1380; 1
77; 77R; <; 7; 70; 4; 1500; 1500; 1
77; 77R; <; 8; 84; 4; 1620; 1680; 1
77; 77R; <; 9; 32; 4; 1740; 1740; 1
77; 77R; <; 10; 88; 4; 1920; 1920; 1
77; 77R; <; 11; 34; 4; 2040; 2040; 1
77; 77R; <; 12; 87; 4; 2220; 2220; 1
77; 77R; <; 1; 58; 4; 1680; 1680; 2
77; 77R; <; 2; 79; 4; 1740; 1740; 2
77; 77R; <; 3; 59; 4; 1860; 1860; 2
77; 77R; <; 4; 64; 4; 1920; 1980; 2
77; 77R; <; 5; 90; 4; 2160; 2160; 2
77; 77R; <; 6; 82; 4; 2280; 2280; 2
77; 77R; <; 7; 70; 4; 2400; 2400; 2
77; 77R; <; 8; 84; 4; 2520; 2580; 2
77; 77R; <; 9; 32; 4; 2640; 2640; 2
77; 77R; <; 10; 88; 4; 2820; 2820; 2
77; 77R; <; 11; 34; 4; 2940; 2940; 2
77; 77R; <; 12; 87; 4; 3120; 3120; 2
77; 77R; <; 1; 58; 4; 2580; 2580; 3
77; 77R; <; 2; 79; 4; 2640; 2640; 3
77; 77R; <; 3; 59; 4; 2760; 2760; 3
77; 77R; <; 4; 64; 4; 2820; 2880; 3
77; 77R; <; 5; 90; 4; 3060; 3060; 3
77; 77R; <; 6; 82; 4; 3180; 3180; 3
77; 77R; <; 7; 70; 4; 3300; 3300; 3
77; 77R; <; 8; 84; 4; 3420; 3480; 3
77; 77R; <; 9; 32; 4; 3540; 3540; 3
77; 77R; <; 10; 88; 4; 120; 120; 3
77; 77R; <; 11; 34; 4; 240; 240; 3
77; 77R; <; 12; 87; 4; 420; 420; 3
77; 77R; <; 1; 58; 4; 3480; 3480; 4
77; 77R; <; 2; 79; 4; 3540; 3540; 4
77; 77R; <; 3; 59; 4; 60; 60; 4
77; 77R; <; 4; 64; 4; 120; 180; 4
77; 77R; <; 5; 90; 4; 360; 360; 4
77; 77R; <; 6; 82; 4; 480; 480; 4
77; 77R; <; 7; 70; 4; 600; 600; 4
77; 77R; <; 8; 84; 4; 720; 780; 4
77; 77R; <; 9; 32; 4; 840; 840; 4
77; 77R; <; 10; 88; 4; 1020; 1020; 4
77; 77R; <; 11; 34; 4; 1140; 1140; 4
77; 77R; <; 12; 87; 4; 1320; 1320; 4
78; 78H; >; 1; 87; 4; 540; 540; 1
78; 78H; >; 2; 34; 4; 720; 720; 1
78; 78H; >; 3; 88; 4; 840; 840; 1
78; 78H; >; 4; 32; 4; 960; 960; 1
78; 78H; >; 5; 84; 4; 1080; 1140; 1
78; 78H; >; 6; 70; 4; 1260; 1260; 1
78; 78H; >; 7; 82; 4; 1440; 1500; 1
78; 78H; >; 8; 90; 4; 1620; 1620; 1
78; 78H; >; 9; 64; 4; 1800; 1860; 1
78; 78H; >; 10; 59; 4; 1920; 1920; 1
78; 78H; >; 11; 79; 4; 1980; 1980; 1
78; 78H; >; 12; 58; 4; 2100; 2100; 1
78; 78H; >; 1; 87; 4; 1440; 1440; 2
78; 78H; >; 2; 34; 4; 1620; 1620; 2
78; 78H; >; 3; 88; 4; 1740; 1740; 2
78; 78H; >; 4; 32; 4; 1860; 1860; 2
78; 78H; >; 5; 84; 4; 1980; 2040; 2
78; 78H; >; 6; 70; 4; 2160; 2160; 2
78; 78H; >; 7; 82; 4; 2340; 2400; 2
78; 78H; >; 8; 90; 4; 2520; 2520; 2
78; 78H; >; 9; 64; 4; 2700; 2760; 2
78; 78H; >; 10; 59; 4; 2820; 2820; 2
78; 78H; >; 11; 79; 4; 2880; 2880; 2
78; 78H; >; 12; 58; 4; 3000; 3000; 2
78; 78H; >; 1; 87; 4; 2340; 2340; 3
78; 78H; >; 2; 34; 4; 2520; 2520; 3
78; 78H; >; 3; 88; 4; 2640; 2640; 3
78; 78H; >; 4; 32; 4; 2760; 2760; 3
78; 78H; >; 5; 84; 4; 2880; 2940; 3
78; 78H; >; 6; 70; 4; 3060; 3060; 3
78; 78H; >; 7; 82; 4; 3240; 3300; 3
78; 78H; >; 8; 90; 4; 3420; 3420; 3
78; 78H; >; 9; 64; 4; 0; 60; 3
78; 78H; >; 10; 59; 4; 120; 120; 3
78; 78H; >; 11; 79; 4; 180; 180; 3
78; 78H; >; 12; 58; 4; 300; 300; 3
78; 78H; >; 1; 87; 4; 3240; 3240; 4
78; 78H; >; 2; 34; 4; 3420; 3420; 4
78; 78H; >; 3; 88; 4; 3540; 3540; 4
78; 78H; >; 4; 32; 4; 60; 60; 4
78; 78H; >; 5; 84; 4; 180; 240; 4
78; 78H; >; 6; 70; 4; 360; 360; 4
78; 78H; >; 7; 82; 4; 540; 600; 4
78; 78H; >; 8; 90; 4; 720; 720; 4
78; 78H; >; 9; 64; 4; 900; 960; 4
78; 78H; >; 10; 59; 4; 1020; 1020; 4
78; 78H; >; 11; 79; 4; 1080; 1080; 4
78; 78H; >; 12; 58; 4; 1200; 1200; 4
78; 78R; <; 1; 58; 4; 780; 780; 1
78; 78R; <; 2; 79; 4; 840; 840; 1
78; 78R; <; 3; 59; 4; 960; 960; 1
78; 78R; <; 4; 64; 4; 1020; 1080; 1
78; 78R; <; 5; 90; 4; 1260; 1260; 1
78; 78R; <; 6; 82; 4; 1380; 1380; 1
78; 78R; <; 7; 70; 4; 1500; 1500; 1
78; 78R; <; 8; 84; 4; 1620; 1680; 1
78; 78R; <; 9; 32; 4; 1740; 1740; 1
78; 78R; <; 10; 88; 4; 1920; 1920; 1
78; 78R; <; 11; 34; 4; 2040; 2040; 1
78; 78R; <; 12; 87; 4; 2220; 2220; 1
78; 78R; <; 1; 58; 4; 1680; 1680; 2
78; 78R; <; 2; 79; 4; 1740; 1740; 2
78; 78R; <; 3; 59; 4; 1860; 1860; 2
78; 78R; <; 4; 64; 4; 1920; 1980; 2
78; 78R; <; 5; 90; 4; 2160; 2160; 2
78; 78R; <; 6; 82; 4; 2280; 2280; 2
78; 78R; <; 7; 70; 4; 2400; 2400; 2
78; 78R; <; 8; 84; 4; 2520; 2580; 2
78; 78R; <; 9; 32; 4; 2640; 2640; 2
78; 78R; <; 10; 88; 4; 2820; 2820; 2
78; 78R; <; 11; 34; 4; 2940; 2940; 2
78; 78R; <; 12; 87; 4; 3120; 3120; 2
78; 78R; <; 1; 58; 4; 2580; 2580; 3
78; 78R; <; 2; 79; 4; 2640; 2640; 3
78; 78R; <; 3; 59; 4; 2760; 2760; 3
78; 78R; <; 4; 64; 4; 2820; 2880; 3
78; 78R; <; 5; 90; 4; 3060; 3060; 3
78; 78R; <; 6; 82; 4; 3180; 3180; 3
78; 78R; <; 7; 70; 4; 3300; 3300; 3
78; 78R; <; 8; 84; 4; 3420; 3480; 3
78; 78R; <; 9; 32; 4; 3540; 3540; 3
78; 78R; <; 10; 88; 4; 120; 120; 3
78; 78R; <; 11; 34; 4; 240; 240; 3
78; 78R; <; 12; 87; 4; 420; 420; 3
78; 78R; <; 1; 58; 4; 3480; 3480; 4
78; 78R; <; 2; 79; 4; 3540; 3540; 4
78; 78R; <; 3; 59; 4; 60; 60; 4
78; 78R; <; 4; 64; 4; 120; 180; 4
78; 78R; <; 5; 90; 4; 360; 360; 4
78; 78R; <; 6; 82; 4; 480; 480; 4
78; 78R; <; 7; 70; 4; 600; 600; 4
78; 78R; <; 8; 84; 4; 720; 780; 4
78; 78R; <; 9; 32; 4; 840; 840; 4
78; 78R; <; 10; 88; 4; 1020; 1020; 4
78; 78R; <; 11; 34; 4; 1140; 1140; 4
78; 78R; <; 12; 87; 4; 1320; 1320; 4
79; 79H; >; 1; 4; 6; 180; 180; 1
79; 79H; >; 2; 5; 6; 240; 240; 1
79; 79H; >; 3; 6; 6; 300; 300; 1
79; 79H; >; 4; 7; 6; 360; 360; 1
79; 79H; >; 5; 8; 6; 420; 420; 1
79; 79H; >; 6; 9; 6; 480; 480; 1
79; 79H; >; 7; 69; 6; 540; 540; 1
79; 79H; >; 8; 11; 6; 660; 660; 1
79; 79H; >; 9; 12; 6; 780; 780; 1
79; 79H; >; 10; 13; 6; 840; 840; 1
79; 79H; >; 11; 14; 6; 900; 900; 1
79; 79H; >; 12; 78; 6; 960; 960; 1
79; 79H; >; 13; 70; 6; 1080; 1080; 1
79; 79H; >; 14; 15; 6; 1140; 1140; 1
79; 79H; >; 15; 62; 6; 1260; 1260; 1
79; 79H; >; 16; 63; 6; 1320; 1320; 1
79; 79H; >; 17; 3; 6; 1380; 1380; 1
79; 79H; >; 18; 65; 6; 1500; 1500; 1
79; 79H; >; 19; 64; 6; 1680; 1680; 1
79; 79H; >; 20; 57; 6; 1740; 1740; 1
79; 79H; >; 21; 60; 6; 1800; 1860; 1
79; 79H; >; 22; 66; 6; 1920; 1920; 1
79; 79H; >; 23; 16; 6; 1980; 1980; 1
79; 79H; >; 24; 71; 6; 2040; 2040; 1
79; 79H; >; 25; 17; 6; 2220; 2220; 1
79; 79H; >; 26; 72; 6; 2280; 2280; 1
79; 79H; >; 27; 41; 6; 2340; 2340; 1
79; 79H; >; 28; 73; 6; 2400; 2400; 1
79; 79H; >; 29; 74; 6; 2460; 2460; 1
79; 79H; >; 30; 75; 6; 2520; 2520; 1
79; 79H; >; 31; 76; 6; 2580; 2640; 1
79; 79H; >; 32; 18; 6; 2700; 2700; 1
79; 79H; >; 33; 19; 6; 2760; 2760; 1
79; 79H; >; 34; 77; 6; 2820; 2820; 1
79; 79H; >; 35; 31; 6; 2940; 2940; 1
79; 79H; >; 36; 40; 6; 3060; 3060; 1
79; 79H; >; 37; 91; 6; 3120; 3120; 1
79; 79H; >; 38; 30; 6; 3240; 3240; 1
79; 79H; >; 39; 89; 6; 3360; 3360; 1
79; 79H; >; 1; 4; 6; 780; 780; 2
79; 79H; >; 2; 5; 6; 840; 840; 2
79; 79H; >; 3; 6; 6; 900; 900; 2
79; 79H; >; 4; 7; 6; 960; 960; 2
79; 79H; >; 5; 8; 6; 1020; 1020; 2
79; 79H; >; 6; 9; 6; 1080; 1080; 2
79; 79H; >; 7; 69; 6; 1140; 1140; 2
79; 79H; >; 8; 11; 6; 1260; 1260; 2
79; 79H; >; 9; 12; 6; 1380; 1380; 2
79; 79H; >; 10; 13; 6; 1440; 1440; 2
79; 79H; >; 11; 14; 6; 1500; 1500; 2
79; 79H; >; 12; 78; 6; 1560; 1560; 2
79; 79H; >; 13; 70; 6; 1680; 1680; 2
79; 79H; >; 14; 15; 6; 1740; 1740; 2
79; 79H; >; 15; 62; 6; 1860; 1860; 2
79; 79H; >; 16; 63; 6; 1920; 1920; 2
79; 79H; >; 17; 3; 6; 1980; 1980; 2
79; 79H; >; 18; 65; 6; 2100; 2100; 2
79; 79H; >; 19; 64; 6; 2280; 2280; 2
79; 79H; >; 20; 57; 6; 2340; 2340; 2
79; 79H; >; 21; 60; 6; 2400; 2460; 2
79; 79H; >; 22; 66; 6; 2520; 2520; 2
79; 79H; >; 23; 16; 6; 2580; 2580; 2
79; 79H; >; 24; 71; 6; 2640; 2640; 2
79; 79H; >; 25; 17; 6; 2820; 2820; 2
79; 79H; >; 26; 72; 6; 2880; 2880; 2
79; 79H; >; 27; 41; 6; 2940; 2940; 2
79; 79H; >; 28; 73; 6; 3000; 3000; 2
79; 79H; >; 29; 74; 6; 3060; 3060; 2
79; 79H; >; 30; 75; 6; 3120; 3120; 2
79; 79H; >; 31; 76; 6; 3180; 3240; 2
79; 79H; >; 32; 18; 6; 3300; 3300; 2
79; 79H; >; 33; 19; 6; 3360; 3360; 2
79; 79H; >; 34; 77; 6; 3420; 3420; 2
79; 79H; >; 35; 31; 6; 3540; 3540; 2
79; 79H; >; 36; 40; 6; 60; 60; 2
79; 79H; >; 37; 91; 6; 120; 120; 2
79; 79H; >; 38; 30; 6; 240; 240; 2
79; 79H; >; 39; 89; 6; 360; 360; 2
79; 79H; >; 1; 4; 6; 1380; 1380; 3
79; 79H; >; 2; 5; 6; 1440; 1440; 3
79; 79H; >; 3; 6; 6; 1500; 1500; 3
79; 79H; >; 4; 7; 6; 1560; 1560; 3
79; 79H; >; 5; 8; 6; 1620; 1620; 3
79; 79H; >; 6; 9; 6; 1680; 1680; 3
79; 79H; >; 7; 69; 6; 1740; 1740; 3
79; 79H; >; 8; 11; 6; 1860; 1860; 3
79; 79H; >; 9; 12; 6; 1980; 1980; 3
79; 79H; >; 10; 13; 6; 2040; 2040; 3
79; 79H; >; 11; 14; 6; 2100; 2100; 3
79; 79H; >; 12; 78; 6; 2160; 2160; 3
79; 79H; >; 13; 70; 6; 2280; 2280; 3
79; 79H; >; 14; 15; 6; 2340; 2340; 3
79; 79H; >; 15; 62; 6; 2460; 2460; 3
79; 79H; >; 16; 63; 6; 2520; 2520; 3
79; 79H; >; 17; 3; 6; 2580; 2580; 3
79; 79H; >; 18; 65; 6; 2700; 2700; 3
79; 79H; >; 19; 64; 6; 2880; 2880; 3
79; 79H; >; 20; 57; 6; 2940; 2940; 3
79; 79H; >; 21; 60; 6; 3000; 3060; 3
79; 79H; >; 22; 66; 6; 3120; 3120; 3
79; 79H; >; 23; 16; 6; 3180; 3180; 3
79; 79H; >; 24; 71; 6; 3240; 3240; 3
79; 79H; >; 25; 17; 6; 3420; 3420; 3
79; 79H; >; 26; 72; 6; 3480; 3480; 3
79; 79H; >; 27; 41; 6; 3540; 3540; 3
79; 79H; >; 28; 73; 6; 0; 0; 3
79; 79H; >; 29; 74; 6; 60; 60; 3
79; 79H; >; 30; 75; 6; 120; 120; 3
79; 79H; >; 31; 76; 6; 180; 240; 3
79; 79H; >; 32; 18; 6; 300; 300; 3
79; 79H; >; 33; 19; 6; 360; 360; 3
79; 79H; >; 34; 77; 6; 420; 420; 3
79; 79H; >; 35; 31; 6; 540; 540; 3
79; 79H; >; 36; 40; 6; 660; 660; 3
79; 79H; >; 37; 91; 6; 720; 720; 3
79; 79H; >; 38; 30; 6; 840; 840; 3
79; 79H; >; 39; 89; 6; 960; 960; 3
79; 79H; >; 1; 4; 6; 1980; 1980; 4
79; 79H; >; 2; 5; 6; 2040; 2040; 4
79; 79H; >; 3; 6; 6; 2100; 2100; 4
79; 79H; >; 4; 7; 6; 2160; 2160; 4
79; 79H; >; 5; 8; 6; 2220; 2220; 4
79; 79H; >; 6; 9; 6; 2280; 2280; 4
79; 79H; >; 7; 69; 6; 2340; 2340; 4
79; 79H; >; 8; 11; 6; 2460; 2460; 4
79; 79H; >; 9; 12; 6; 2580; 2580; 4
79; 79H; >; 10; 13; 6; 2640; 2640; 4
79; 79H; >; 11; 14; 6; 2700; 2700; 4
79; 79H; >; 12; 78; 6; 2760; 2760; 4
79; 79H; >; 13; 70; 6; 2880; 2880; 4
79; 79H; >; 14; 15; 6; 2940; 2940; 4
79; 79H; >; 15; 62; 6; 3060; 3060; 4
79; 79H; >; 16; 63; 6; 3120; 3120; 4
79; 79H; >; 17; 3; 6; 3180; 3180; 4
79; 79H; >; 18; 65; 6; 3300; 3300; 4
79; 79H; >; 19; 64; 6; 3480; 3480; 4
79; 79H; >; 20; 57; 6; 3540; 3540; 4
79; 79H; >; 21; 60; 6; 0; 60; 4
79; 79H; >; 22; 66; 6; 120; 120; 4
79; 79H; >; 23; 16; 6; 180; 180; 4
79; 79H; >; 24; 71; 6; 240; 240; 4
79; 79H; >; 25; 17; 6; 420; 420; 4
79; 79H; >; 26; 72; 6; 480; 480; 4
79; 79H; >; 27; 41; 6; 540; 540; 4
79; 79H; >; 28; 73; 6; 600; 600; 4
79; 79H; >; 29; 74; 6; 660; 660; 4
79; 79H; >; 30; 75; 6; 720; 720; 4
79; 79H; >; 31; 76; 6; 780; 840; 4
79; 79H; >; 32; 18; 6; 900; 900; 4
79; 79H; >; 33; 19; 6; 960; 960; 4
79; 79H; >; 34; 77; 6; 1020; 1020; 4
79; 79H; >; 35; 31; 6; 1140; 1140; 4
79; 79H; >; 36; 40; 6; 1260; 1260; 4
79; 79H; >; 37; 91; 6; 1320; 1320; 4
79; 79H; >; 38; 30; 6; 1440; 1440; 4
79; 79H; >; 39; 89; 6; 1560; 1560; 4
79; 79H; >; 1; 4; 6; 2580; 2580; 5
79; 79H; >; 2; 5; 6; 2640; 2640; 5
79; 79H; >; 3; 6; 6; 2700; 2700; 5
79; 79H; >; 4; 7; 6; 2760; 2760; 5
79; 79H; >; 5; 8; 6; 2820; 2820; 5
79; 79H; >; 6; 9; 6; 2880; 2880; 5
79; 79H; >; 7; 69; 6; 2940; 2940; 5
79; 79H; >; 8; 11; 6; 3060; 3060; 5
79; 79H; >; 9; 12; 6; 3180; 3180; 5
79; 79H; >; 10; 13; 6; 3240; 3240; 5
79; 79H; >; 11; 14; 6; 3300; 3300; 5
79; 79H; >; 12; 78; 6; 3360; 3360; 5
79; 79H; >; 13; 70; 6; 3480; 3480; 5
79; 79H; >; 14; 15; 6; 3540; 3540; 5
79; 79H; >; 15; 62; 6; 60; 60; 5
79; 79H; >; 16; 63; 6; 120; 120; 5
79; 79H; >; 17; 3; 6; 180; 180; 5
79; 79H; >; 18; 65; 6; 300; 300; 5
79; 79H; >; 19; 64; 6; 480; 480; 5
79; 79H; >; 20; 57; 6; 540; 540; 5
79; 79H; >; 21; 60; 6; 600; 660; 5
79; 79H; >; 22; 66; 6; 720; 720; 5
79; 79H; >; 23; 16; 6; 780; 780; 5
79; 79H; >; 24; 71; 6; 840; 840; 5
79; 79H; >; 25; 17; 6; 1020; 1020; 5
79; 79H; >; 26; 72; 6; 1080; 1080; 5
79; 79H; >; 27; 41; 6; 1140; 1140; 5
79; 79H; >; 28; 73; 6; 1200; 1200; 5
79; 79H; >; 29; 74; 6; 1260; 1260; 5
79; 79H; >; 30; 75; 6; 1320; 1320; 5
79; 79H; >; 31; 76; 6; 1380; 1440; 5
79; 79H; >; 32; 18; 6; 1500; 1500; 5
79; 79H; >; 33; 19; 6; 1560; 1560; 5
79; 79H; >; 34; 77; 6; 1620; 1620; 5
79; 79H; >; 35; 31; 6; 1740; 1740; 5
79; 79H; >; 36; 40; 6; 1860; 1860; 5
79; 79H; >; 37; 91; 6; 1920; 1920; 5
79; 79H; >; 38; 30; 6; 2040; 2040; 5
79; 79H; >; 39; 89; 6; 2160; 2160; 5
79; 79H; >; 1; 4; 6; 3180; 3180; 6
79; 79H; >; 2; 5; 6; 3240; 3240; 6
79; 79H; >; 3; 6; 6; 3300; 3300; 6
79; 79H; >; 4; 7; 6; 3360; 3360; 6
79; 79H; >; 5; 8; 6; 3420; 3420; 6
79; 79H; >; 6; 9; 6; 3480; 3480; 6
79; 79H; >; 7; 69; 6; 3540; 3540; 6
79; 79H; >; 8; 11; 6; 60; 60; 6
79; 79H; >; 9; 12; 6; 180; 180; 6
79; 79H; >; 10; 13; 6; 240; 240; 6
79; 79H; >; 11; 14; 6; 300; 300; 6
79; 79H; >; 12; 78; 6; 360; 360; 6
79; 79H; >; 13; 70; 6; 480; 480; 6
79; 79H; >; 14; 15; 6; 540; 540; 6
79; 79H; >; 15; 62; 6; 660; 660; 6
79; 79H; >; 16; 63; 6; 720; 720; 6
79; 79H; >; 17; 3; 6; 780; 780; 6
79; 79H; >; 18; 65; 6; 900; 900; 6
79; 79H; >; 19; 64; 6; 1080; 1080; 6
79; 79H; >; 20; 57; 6; 1140; 1140; 6
79; 79H; >; 21; 60; 6; 1200; 1260; 6
79; 79H; >; 22; 66; 6; 1320; 1320; 6
79; 79H; >; 23; 16; 6; 1380; 1380; 6
79; 79H; >; 24; 71; 6; 1440; 1440; 6
79; 79H; >; 25; 17; 6; 1620; 1620; 6
79; 79H; >; 26; 72; 6; 1680; 1680; 6
79; 79H; >; 27; 41; 6; 1740; 1740; 6
79; 79H; >; 28; 73; 6; 1800; 1800; 6
79; 79H; >; 29; 74; 6; 1860; 1860; 6
79; 79H; >; 30; 75; 6; 1920; 1920; 6
79; 79H; >; 31; 76; 6; 1980; 2040; 6
79; 79H; >; 32; 18; 6; 2100; 2100; 6
79; 79H; >; 33; 19; 6; 2160; 2160; 6
79; 79H; >; 34; 77; 6; 2220; 2220; 6
79; 79H; >; 35; 31; 6; 2340; 2340; 6
79; 79H; >; 36; 40; 6; 2460; 2460; 6
79; 79H; >; 37; 91; 6; 2520; 2520; 6
79; 79H; >; 38; 30; 6; 2640; 2640; 6
79; 79H; >; 39; 89; 6; 2760; 2760; 6
79; 79R; <; 1; 89; 6; 120; 120; 1
79; 79R; <; 2; 30; 6; 240; 240; 1
79; 79R; <; 3; 91; 6; 300; 300; 1
79; 79R; <; 4; 40; 6; 360; 360; 1
79; 79R; <; 5; 31; 6; 420; 420; 1
79; 79R; <; 6; 77; 6; 540; 540; 1
79; 79R; <; 7; 19; 6; 600; 600; 1
79; 79R; <; 8; 18; 6; 660; 660; 1
79; 79R; <; 9; 76; 6; 780; 840; 1
79; 79R; <; 10; 75; 6; 840; 840; 1
79; 79R; <; 11; 74; 6; 960; 960; 1
79; 79R; <; 12; 73; 6; 1020; 1020; 1
79; 79R; <; 13; 41; 6; 1080; 1080; 1
79; 79R; <; 14; 72; 6; 1140; 1140; 1
79; 79R; <; 15; 17; 6; 1200; 1200; 1
79; 79R; <; 16; 71; 6; 1380; 1380; 1
79; 79R; <; 17; 16; 6; 1440; 1440; 1
79; 79R; <; 18; 66; 6; 1560; 1560; 1
79; 79R; <; 19; 60; 6; 1620; 1680; 1
79; 79R; <; 20; 57; 6; 1740; 1740; 1
79; 79R; <; 21; 64; 6; 1860; 1860; 1
79; 79R; <; 22; 65; 6; 1920; 1920; 1
79; 79R; <; 23; 3; 6; 2040; 2040; 1
79; 79R; <; 24; 63; 6; 2100; 2100; 1
79; 79R; <; 25; 62; 6; 2220; 2220; 1
79; 79R; <; 26; 15; 6; 2280; 2280; 1
79; 79R; <; 27; 70; 6; 2340; 2340; 1
79; 79R; <; 28; 78; 6; 2460; 2460; 1
79; 79R; <; 29; 14; 6; 2520; 2520; 1
79; 79R; <; 30; 13; 6; 2580; 2580; 1
79; 79R; <; 31; 12; 6; 2700; 2700; 1
79; 79R; <; 32; 11; 6; 2760; 2760; 1
79; 79R; <; 33; 69; 6; 2880; 2880; 1
79; 79R; <; 34; 9; 6; 2940; 2940; 1
79; 79R; <; 35; 8; 6; 3000; 3000; 1
79; 79R; <; 36; 7; 6; 3060; 3060; 1
79; 79R; <; 37; 6; 6; 3120; 3120; 1
79; 79R; <; 38; 5; 6; 3180; 3180; 1
79; 79R; <; 39; 4; 6; 3240; 3240; 1
79; 79R; <; 1; 89; 6; 720; 720; 2
79; 79R; <; 2; 30; 6; 840; 840; 2
79; 79R; <; 3; 91; 6; 900; 900; 2
79; 79R; <; 4; 40; 6; 960; 960; 2
79; 79R; <; 5; 31; 6; 1020; 1020; 2
79; 79R; <; 6; 77; 6; 1140; 1140; 2
79; 79R; <; 7; 19; 6; 1200; 1200; 2
79; 79R; <; 8; 18; 6; 1260; 1260; 2
79; 79R; <; 9; 76; 6; 1380; 1440; 2
79; 79R; <; 10; 75; 6; 1440; 1440; 2
79; 79R; <; 11; 74; 6; 1560; 1560; 2
79; 79R; <; 12; 73; 6; 1620; 1620; 2
79; 79R; <; 13; 41; 6; 1680; 1680; 2
79; 79R; <; 14; 72; 6; 1740; 1740; 2
79; 79R; <; 15; 17; 6; 1800; 1800; 2
79; 79R; <; 16; 71; 6; 1980; 1980; 2
79; 79R; <; 17; 16; 6; 2040; 2040; 2
79; 79R; <; 18; 66; 6; 2160; 2160; 2
79; 79R; <; 19; 60; 6; 2220; 2280; 2
79; 79R; <; 20; 57; 6; 2340; 2340; 2
79; 79R; <; 21; 64; 6; 2460; 2460; 2
79; 79R; <; 22; 65; 6; 2520; 2520; 2
79; 79R; <; 23; 3; 6; 2640; 2640; 2
79; 79R; <; 24; 63; 6; 2700; 2700; 2
79; 79R; <; 25; 62; 6; 2820; 2820; 2
79; 79R; <; 26; 15; 6; 2880; 2880; 2
79; 79R; <; 27; 70; 6; 2940; 2940; 2
79; 79R; <; 28; 78; 6; 3060; 3060; 2
79; 79R; <; 29; 14; 6; 3120; 3120; 2
79; 79R; <; 30; 13; 6; 3180; 3180; 2
79; 79R; <; 31; 12; 6; 3300; 3300; 2
79; 79R; <; 32; 11; 6; 3360; 3360; 2
79; 79R; <; 33; 69; 6; 3480; 3480; 2
79; 79R; <; 34; 9; 6; 3540; 3540; 2
79; 79R; <; 35; 8; 6; 0; 0; 2
79; 79R; <; 36; 7; 6; 60; 60; 2
79; 79R; <; 37; 6; 6; 120; 120; 2
79; 79R; <; 38; 5; 6; 180; 180; 2
79; 79R; <; 39; 4; 6; 240; 240; 2
79; 79R; <; 1; 89; 6; 1320; 1320; 3
79; 79R; <; 2; 30; 6; 1440; 1440; 3
79; 79R; <; 3; 91; 6; 1500; 1500; 3
79; 79R; <; 4; 40; 6; 1560; 1560; 3
79; 79R; <; 5; 31; 6; 1620; 1620; 3
79; 79R; <; 6; 77; 6; 1740; 1740; 3
79; 79R; <; 7; 19; 6; 1800; 1800; 3
79; 79R; <; 8; 18; 6; 1860; 1860; 3
79; 79R; <; 9; 76; 6; 1980; 2040; 3
79; 79R; <; 10; 75; 6; 2040; 2040; 3
79; 79R; <; 11; 74; 6; 2160; 2160; 3
79; 79R; <; 12; 73; 6; 2220; 2220; 3
79; 79R; <; 13; 41; 6; 2280; 2280; 3
79; 79R; <; 14; 72; 6; 2340; 2340; 3
79; 79R; <; 15; 17; 6; 2400; 2400; 3
79; 79R; <; 16; 71; 6; 2580; 2580; 3
79; 79R; <; 17; 16; 6; 2640; 2640; 3
79; 79R; <; 18; 66; 6; 2760; 2760; 3
79; 79R; <; 19; 60; 6; 2820; 2880; 3
79; 79R; <; 20; 57; 6; 2940; 2940; 3
79; 79R; <; 21; 64; 6; 3060; 3060; 3
79; 79R; <; 22; 65; 6; 3120; 3120; 3
79; 79R; <; 23; 3; 6; 3240; 3240; 3
79; 79R; <; 24; 63; 6; 3300; 3300; 3
79; 79R; <; 25; 62; 6; 3420; 3420; 3
79; 79R; <; 26; 15; 6; 3480; 3480; 3
79; 79R; <; 27; 70; 6; 3540; 3540; 3
79; 79R; <; 28; 78; 6; 60; 60; 3
79; 79R; <; 29; 14; 6; 120; 120; 3
79; 79R; <; 30; 13; 6; 180; 180; 3
79; 79R; <; 31; 12; 6; 300; 300; 3
79; 79R; <; 32; 11; 6; 360; 360; 3
79; 79R; <; 33; 69; 6; 480; 480; 3
79; 79R; <; 34; 9; 6; 540; 540; 3
79; 79R; <; 35; 8; 6; 600; 600; 3
79; 79R; <; 36; 7; 6; 660; 660; 3
79; 79R; <; 37; 6; 6; 720; 720; 3
79; 79R; <; 38; 5; 6; 780; 780; 3
79; 79R; <; 39; 4; 6; 840; 840; 3
79; 79R; <; 1; 89; 6; 1920; 1920; 4
79; 79R; <; 2; 30; 6; 2040; 2040; 4
79; 79R; <; 3; 91; 6; 2100; 2100; 4
79; 79R; <; 4; 40; 6; 2160; 2160; 4
79; 79R; <; 5; 31; 6; 2220; 2220; 4
79; 79R; <; 6; 77; 6; 2340; 2340; 4
79; 79R; <; 7; 19; 6; 2400; 2400; 4
79; 79R; <; 8; 18; 6; 2460; 2460; 4
79; 79R; <; 9; 76; 6; 2580; 2640; 4
79; 79R; <; 10; 75; 6; 2640; 2640; 4
79; 79R; <; 11; 74; 6; 2760; 2760; 4
79; 79R; <; 12; 73; 6; 2820; 2820; 4
79; 79R; <; 13; 41; 6; 2880; 2880; 4
79; 79R; <; 14; 72; 6; 2940; 2940; 4
79; 79R; <; 15; 17; 6; 3000; 3000; 4
79; 79R; <; 16; 71; 6; 3180; 3180; 4
79; 79R; <; 17; 16; 6; 3240; 3240; 4
79; 79R; <; 18; 66; 6; 3360; 3360; 4
79; 79R; <; 19; 60; 6; 3420; 3480; 4
79; 79R; <; 20; 57; 6; 3540; 3540; 4
79; 79R; <; 21; 64; 6; 60; 60; 4
79; 79R; <; 22; 65; 6; 120; 120; 4
79; 79R; <; 23; 3; 6; 240; 240; 4
79; 79R; <; 24; 63; 6; 300; 300; 4
79; 79R; <; 25; 62; 6; 420; 420; 4
79; 79R; <; 26; 15; 6; 480; 480; 4
79; 79R; <; 27; 70; 6; 540; 540; 4
79; 79R; <; 28; 78; 6; 660; 660; 4
79; 79R; <; 29; 14; 6; 720; 720; 4
79; 79R; <; 30; 13; 6; 780; 780; 4
79; 79R; <; 31; 12; 6; 900; 900; 4
79; 79R; <; 32; 11; 6; 960; 960; 4
79; 79R; <; 33; 69; 6; 1080; 1080; 4
79; 79R; <; 34; 9; 6; 1140; 1140; 4
79; 79R; <; 35; 8; 6; 1200; 1200; 4
79; 79R; <; 36; 7; 6; 1260; 1260; 4
79; 79R; <; 37; 6; 6; 1320; 1320; 4
79; 79R; <; 38; 5; 6; 1380; 1380; 4
79; 79R; <; 39; 4; 6; 1440; 1440; 4
79; 79R; <; 1; 89; 6; 2520; 2520; 5
79; 79R; <; 2; 30; 6; 2640; 2640; 5
79; 79R; <; 3; 91; 6; 2700; 2700; 5
79; 79R; <; 4; 40; 6; 2760; 2760; 5
79; 79R; <; 5; 31; 6; 2820; 2820; 5
79; 79R; <; 6; 77; 6; 2940; 2940; 5
79; 79R; <; 7; 19; 6; 3000; 3000; 5
79; 79R; <; 8; 18; 6; 3060; 3060; 5
79; 79R; <; 9; 76; 6; 3180; 3240; 5
79; 79R; <; 10; 75; 6; 3240; 3240; 5
79; 79R; <; 11; 74; 6; 3360; 3360; 5
79; 79R; <; 12; 73; 6; 3420; 3420; 5
79; 79R; <; 13; 41; 6; 3480; 3480; 5
79; 79R; <; 14; 72; 6; 3540; 3540; 5
79; 79R; <; 15; 17; 6; 0; 0; 5
79; 79R; <; 16; 71; 6; 180; 180; 5
79; 79R; <; 17; 16; 6; 240; 240; 5
79; 79R; <; 18; 66; 6; 360; 360; 5
79; 79R; <; 19; 60; 6; 420; 480; 5
79; 79R; <; 20; 57; 6; 540; 540; 5
79; 79R; <; 21; 64; 6; 660; 660; 5
79; 79R; <; 22; 65; 6; 720; 720; 5
79; 79R; <; 23; 3; 6; 840; 840; 5
79; 79R; <; 24; 63; 6; 900; 900; 5
79; 79R; <; 25; 62; 6; 1020; 1020; 5
79; 79R; <; 26; 15; 6; 1080; 1080; 5
79; 79R; <; 27; 70; 6; 1140; 1140; 5
79; 79R; <; 28; 78; 6; 1260; 1260; 5
79; 79R; <; 29; 14; 6; 1320; 1320; 5
79; 79R; <; 30; 13; 6; 1380; 1380; 5
79; 79R; <; 31; 12; 6; 1500; 1500; 5
79; 79R; <; 32; 11; 6; 1560; 1560; 5
79; 79R; <; 33; 69; 6; 1680; 1680; 5
79; 79R; <; 34; 9; 6; 1740; 1740; 5
79; 79R; <; 35; 8; 6; 1800; 1800; 5
79; 79R; <; 36; 7; 6; 1860; 1860; 5
79; 79R; <; 37; 6; 6; 1920; 1920; 5
79; 79R; <; 38; 5; 6; 1980; 1980; 5
79; 79R; <; 39; 4; 6; 2040; 2040; 5
79; 79R; <; 1; 89; 6; 3120; 3120; 6
79; 79R; <; 2; 30; 6; 3240; 3240; 6
79; 79R; <; 3; 91; 6; 3300; 3300; 6
79; 79R; <; 4; 40; 6; 3360; 3360; 6
79; 79R; <; 5; 31; 6; 3420; 3420; 6
79; 79R; <; 6; 77; 6; 3540; 3540; 6
79; 79R; <; 7; 19; 6; 0; 0; 6
79; 79R; <; 8; 18; 6; 60; 60; 6
79; 79R; <; 9; 76; 6; 180; 240; 6
79; 79R; <; 10; 75; 6; 240; 240; 6
79; 79R; <; 11; 74; 6; 360; 360; 6
79; 79R; <; 12; 73; 6; 420; 420; 6
79; 79R; <; 13; 41; 6; 480; 480; 6
79; 79R; <; 14; 72; 6; 540; 540; 6
79; 79R; <; 15; 17; 6; 600; 600; 6
79; 79R; <; 16; 71; 6; 780; 780; 6
79; 79R; <; 17; 16; 6; 840; 840; 6
79; 79R; <; 18; 66; 6; 960; 960; 6
79; 79R; <; 19; 60; 6; 1020; 1080; 6
79; 79R; <; 20; 57; 6; 1140; 1140; 6
79; 79R; <; 21; 64; 6; 1260; 1260; 6
79; 79R; <; 22; 65; 6; 1320; 1320; 6
79; 79R; <; 23; 3; 6; 1440; 1440; 6
79; 79R; <; 24; 63; 6; 1500; 1500; 6
79; 79R; <; 25; 62; 6; 1620; 1620; 6
79; 79R; <; 26; 15; 6; 1680; 1680; 6
79; 79R; <; 27; 70; 6; 1740; 1740; 6
79; 79R; <; 28; 78; 6; 1860; 1860; 6
79; 79R; <; 29; 14; 6; 1920; 1920; 6
79; 79R; <; 30; 13; 6; 1980; 1980; 6
79; 79R; <; 31; 12; 6; 2100; 2100; 6
79; 79R; <; 32; 11; 6; 2160; 2160; 6
79; 79R; <; 33; 69; 6; 2280; 2280; 6
79; 79R; <; 34; 9; 6; 2340; 2340; 6
79; 79R; <; 35; 8; 6; 2400; 2400; 6
79; 79R; <; 36; 7; 6; 2460; 2460; 6
79; 79R; <; 37; 6; 6; 2520; 2520; 6
79; 79R; <; 38; 5; 6; 2580; 2580; 6
79; 79R; <; 39; 4; 6; 2640; 2640; 6
80; 80H; >; 1; 5; 6; 120; 120; 1
80; 80H; >; 2; 6; 6; 180; 180; 1
80; 80H; >; 3; 7; 6; 240; 240; 1
80; 80H; >; 4; 8; 6; 300; 300; 1
80; 80H; >; 5; 9; 6; 360; 360; 1
80; 80H; >; 6; 69; 6; 420; 420; 1
80; 80H; >; 7; 11; 6; 540; 540; 1
80; 80H; >; 8; 12; 6; 600; 600; 1
80; 80H; >; 9; 13; 6; 720; 720; 1
80; 80H; >; 10; 14; 6; 780; 780; 1
80; 80H; >; 11; 78; 6; 840; 840; 1
80; 80H; >; 12; 70; 6; 960; 960; 1
80; 80H; >; 13; 15; 6; 1020; 1020; 1
80; 80H; >; 14; 62; 6; 1080; 1080; 1
80; 80H; >; 15; 81; 6; 1200; 1200; 1
80; 80H; >; 16; 23; 6; 1320; 1320; 1
80; 80H; >; 17; 24; 6; 1380; 1380; 1
80; 80H; >; 18; 80; 6; 1440; 1440; 1
80; 80H; >; 19; 83; 6; 1560; 1560; 1
80; 80H; >; 20; 1; 6; 1740; 1740; 1
80; 80H; >; 21; 33; 6; 1800; 1800; 1
80; 80H; >; 22; 25; 6; 1920; 1920; 1
80; 80H; >; 23; 26; 6; 1980; 1980; 1
80; 80H; >; 24; 27; 6; 2100; 2100; 1
80; 80H; >; 25; 28; 6; 2100; 2100; 1
80; 80H; >; 26; 61; 6; 2160; 2160; 1
80; 80H; >; 27; 2; 6; 2340; 2340; 1
80; 80H; >; 28; 20; 6; 2400; 2400; 1
80; 80H; >; 29; 21; 6; 2460; 2460; 1
80; 80H; >; 30; 22; 6; 2520; 2520; 1
80; 80H; >; 1; 5; 6; 720; 720; 2
80; 80H; >; 2; 6; 6; 780; 780; 2
80; 80H; >; 3; 7; 6; 840; 840; 2
80; 80H; >; 4; 8; 6; 900; 900; 2
80; 80H; >; 5; 9; 6; 960; 960; 2
80; 80H; >; 6; 69; 6; 1020; 1020; 2
80; 80H; >; 7; 11; 6; 1140; 1140; 2
80; 80H; >; 8; 12; 6; 1200; 1200; 2
80; 80H; >; 9; 13; 6; 1320; 1320; 2
80; 80H; >; 10; 14; 6; 1380; 1380; 2
80; 80H; >; 11; 78; 6; 1440; 1440; 2
80; 80H; >; 12; 70; 6; 1560; 1560; 2
80; 80H; >; 13; 15; 6; 1620; 1620; 2
80; 80H; >; 14; 62; 6; 1680; 1680; 2
80; 80H; >; 15; 81; 6; 1800; 1800; 2
80; 80H; >; 16; 23; 6; 1920; 1920; 2
80; 80H; >; 17; 24; 6; 1980; 1980; 2
80; 80H; >; 18; 80; 6; 2040; 2040; 2
80; 80H; >; 19; 83; 6; 2160; 2160; 2
80; 80H; >; 20; 1; 6; 2340; 2340; 2
80; 80H; >; 21; 33; 6; 2400; 2400; 2
80; 80H; >; 22; 25; 6; 2520; 2520; 2
80; 80H; >; 23; 26; 6; 2580; 2580; 2
80; 80H; >; 24; 27; 6; 2700; 2700; 2
80; 80H; >; 25; 28; 6; 2700; 2700; 2
80; 80H; >; 26; 61; 6; 2760; 2760; 2
80; 80H; >; 27; 2; 6; 2940; 2940; 2
80; 80H; >; 28; 20; 6; 3000; 3000; 2
80; 80H; >; 29; 21; 6; 3060; 3060; 2
80; 80H; >; 30; 22; 6; 3120; 3120; 2
80; 80H; >; 1; 5; 6; 1320; 1320; 3
80; 80H; >; 2; 6; 6; 1380; 1380; 3
80; 80H; >; 3; 7; 6; 1440; 1440; 3
80; 80H; >; 4; 8; 6; 1500; 1500; 3
80; 80H; >; 5; 9; 6; 1560; 1560; 3
80; 80H; >; 6; 69; 6; 1620; 1620; 3
80; 80H; >; 7; 11; 6; 1740; 1740; 3
80; 80H; >; 8; 12; 6; 1800; 1800; 3
80; 80H; >; 9; 13; 6; 1920; 1920; 3
80; 80H; >; 10; 14; 6; 1980; 1980; 3
80; 80H; >; 11; 78; 6; 2040; 2040; 3
80; 80H; >; 12; 70; 6; 2160; 2160; 3
80; 80H; >; 13; 15; 6; 2220; 2220; 3
80; 80H; >; 14; 62; 6; 2280; 2280; 3
80; 80H; >; 15; 81; 6; 2400; 2400; 3
80; 80H; >; 16; 23; 6; 2520; 2520; 3
80; 80H; >; 17; 24; 6; 2580; 2580; 3
80; 80H; >; 18; 80; 6; 2640; 2640; 3
80; 80H; >; 19; 83; 6; 2760; 2760; 3
80; 80H; >; 20; 1; 6; 2940; 2940; 3
80; 80H; >; 21; 33; 6; 3000; 3000; 3
80; 80H; >; 22; 25; 6; 3120; 3120; 3
80; 80H; >; 23; 26; 6; 3180; 3180; 3
80; 80H; >; 24; 27; 6; 3300; 3300; 3
80; 80H; >; 25; 28; 6; 3300; 3300; 3
80; 80H; >; 26; 61; 6; 3360; 3360; 3
80; 80H; >; 27; 2; 6; 3540; 3540; 3
80; 80H; >; 28; 20; 6; 0; 0; 3
80; 80H; >; 29; 21; 6; 60; 60; 3
80; 80H; >; 30; 22; 6; 120; 120; 3
80; 80H; >; 1; 5; 6; 1920; 1920; 4
80; 80H; >; 2; 6; 6; 1980; 1980; 4
80; 80H; >; 3; 7; 6; 2040; 2040; 4
80; 80H; >; 4; 8; 6; 2100; 2100; 4
80; 80H; >; 5; 9; 6; 2160; 2160; 4
80; 80H; >; 6; 69; 6; 2220; 2220; 4
80; 80H; >; 7; 11; 6; 2340; 2340; 4
80; 80H; >; 8; 12; 6; 2400; 2400; 4
80; 80H; >; 9; 13; 6; 2520; 2520; 4
80; 80H; >; 10; 14; 6; 2580; 2580; 4
80; 80H; >; 11; 78; 6; 2640; 2640; 4
80; 80H; >; 12; 70; 6; 2760; 2760; 4
80; 80H; >; 13; 15; 6; 2820; 2820; 4
80; 80H; >; 14; 62; 6; 2880; 2880; 4
80; 80H; >; 15; 81; 6; 3000; 3000; 4
80; 80H; >; 16; 23; 6; 3120; 3120; 4
80; 80H; >; 17; 24; 6; 3180; 3180; 4
80; 80H; >; 18; 80; 6; 3240; 3240; 4
80; 80H; >; 19; 83; 6; 3360; 3360; 4
80; 80H; >; 20; 1; 6; 3540; 3540; 4
80; 80H; >; 21; 33; 6; 0; 0; 4
80; 80H; >; 22; 25; 6; 120; 120; 4
80; 80H; >; 23; 26; 6; 180; 180; 4
80; 80H; >; 24; 27; 6; 300; 300; 4
80; 80H; >; 25; 28; 6; 300; 300; 4
80; 80H; >; 26; 61; 6; 360; 360; 4
80; 80H; >; 27; 2; 6; 540; 540; 4
80; 80H; >; 28; 20; 6; 600; 600; 4
80; 80H; >; 29; 21; 6; 660; 660; 4
80; 80H; >; 30; 22; 6; 720; 720; 4
80; 80H; >; 1; 5; 6; 2520; 2520; 5
80; 80H; >; 2; 6; 6; 2580; 2580; 5
80; 80H; >; 3; 7; 6; 2640; 2640; 5
80; 80H; >; 4; 8; 6; 2700; 2700; 5
80; 80H; >; 5; 9; 6; 2760; 2760; 5
80; 80H; >; 6; 69; 6; 2820; 2820; 5
80; 80H; >; 7; 11; 6; 2940; 2940; 5
80; 80H; >; 8; 12; 6; 3000; 3000; 5
80; 80H; >; 9; 13; 6; 3120; 3120; 5
80; 80H; >; 10; 14; 6; 3180; 3180; 5
80; 80H; >; 11; 78; 6; 3240; 3240; 5
80; 80H; >; 12; 70; 6; 3360; 3360; 5
80; 80H; >; 13; 15; 6; 3420; 3420; 5
80; 80H; >; 14; 62; 6; 3480; 3480; 5
80; 80H; >; 15; 81; 6; 0; 0; 5
80; 80H; >; 16; 23; 6; 120; 120; 5
80; 80H; >; 17; 24; 6; 180; 180; 5
80; 80H; >; 18; 80; 6; 240; 240; 5
80; 80H; >; 19; 83; 6; 360; 360; 5
80; 80H; >; 20; 1; 6; 540; 540; 5
80; 80H; >; 21; 33; 6; 600; 600; 5
80; 80H; >; 22; 25; 6; 720; 720; 5
80; 80H; >; 23; 26; 6; 780; 780; 5
80; 80H; >; 24; 27; 6; 900; 900; 5
80; 80H; >; 25; 28; 6; 900; 900; 5
80; 80H; >; 26; 61; 6; 960; 960; 5
80; 80H; >; 27; 2; 6; 1140; 1140; 5
80; 80H; >; 28; 20; 6; 1200; 1200; 5
80; 80H; >; 29; 21; 6; 1260; 1260; 5
80; 80H; >; 30; 22; 6; 1320; 1320; 5
80; 80H; >; 1; 5; 6; 3120; 3120; 6
80; 80H; >; 2; 6; 6; 3180; 3180; 6
80; 80H; >; 3; 7; 6; 3240; 3240; 6
80; 80H; >; 4; 8; 6; 3300; 3300; 6
80; 80H; >; 5; 9; 6; 3360; 3360; 6
80; 80H; >; 6; 69; 6; 3420; 3420; 6
80; 80H; >; 7; 11; 6; 3540; 3540; 6
80; 80H; >; 8; 12; 6; 0; 0; 6
80; 80H; >; 9; 13; 6; 120; 120; 6
80; 80H; >; 10; 14; 6; 180; 180; 6
80; 80H; >; 11; 78; 6; 240; 240; 6
80; 80H; >; 12; 70; 6; 360; 360; 6
80; 80H; >; 13; 15; 6; 420; 420; 6
80; 80H; >; 14; 62; 6; 480; 480; 6
80; 80H; >; 15; 81; 6; 600; 600; 6
80; 80H; >; 16; 23; 6; 720; 720; 6
80; 80H; >; 17; 24; 6; 780; 780; 6
80; 80H; >; 18; 80; 6; 840; 840; 6
80; 80H; >; 19; 83; 6; 960; 960; 6
80; 80H; >; 20; 1; 6; 1140; 1140; 6
80; 80H; >; 21; 33; 6; 1200; 1200; 6
80; 80H; >; 22; 25; 6; 1320; 1320; 6
80; 80H; >; 23; 26; 6; 1380; 1380; 6
80; 80H; >; 24; 27; 6; 1500; 1500; 6
80; 80H; >; 25; 28; 6; 1500; 1500; 6
80; 80H; >; 26; 61; 6; 1560; 1560; 6
80; 80H; >; 27; 2; 6; 1740; 1740; 6
80; 80H; >; 28; 20; 6; 1800; 1800; 6
80; 80H; >; 29; 21; 6; 1860; 1860; 6
80; 80H; >; 30; 22; 6; 1920; 1920; 6
80; 80R; <; 1; 22; 6; 420; 420; 1
80; 80R; <; 2; 21; 6; 480; 480; 1
80; 80R; <; 3; 20; 6; 540; 540; 1
80; 80R; <; 4; 2; 6; 600; 600; 1
80; 80R; <; 5; 61; 6; 780; 780; 1
80; 80R; <; 6; 28; 6; 840; 840; 1
80; 80R; <; 7; 27; 6; 840; 840; 1
80; 80R; <; 8; 26; 6; 960; 960; 1
80; 80R; <; 9; 25; 6; 1020; 1020; 1
80; 80R; <; 10; 33; 6; 1140; 1140; 1
80; 80R; <; 11; 1; 6; 1200; 1200; 1
80; 80R; <; 12; 83; 6; 1380; 1380; 1
80; 80R; <; 13; 80; 6; 1500; 1500; 1
80; 80R; <; 14; 24; 6; 1560; 1560; 1
80; 80R; <; 15; 23; 6; 1620; 1620; 1
80; 80R; <; 16; 81; 6; 1740; 1740; 1
80; 80R; <; 17; 62; 6; 1860; 1860; 1
80; 80R; <; 18; 15; 6; 1920; 1920; 1
80; 80R; <; 19; 70; 6; 1980; 1980; 1
80; 80R; <; 20; 78; 6; 2100; 2100; 1
80; 80R; <; 21; 14; 6; 2160; 2160; 1
80; 80R; <; 22; 13; 6; 2220; 2220; 1
80; 80R; <; 23; 12; 6; 2340; 2340; 1
80; 80R; <; 24; 11; 6; 2400; 2400; 1
80; 80R; <; 25; 69; 6; 2520; 2520; 1
80; 80R; <; 26; 9; 6; 2580; 2580; 1
80; 80R; <; 27; 8; 6; 2640; 2640; 1
80; 80R; <; 28; 7; 6; 2700; 2700; 1
80; 80R; <; 29; 6; 6; 2760; 2760; 1
80; 80R; <; 30; 5; 6; 2820; 2820; 1
80; 80R; <; 1; 22; 6; 1020; 1020; 2
80; 80R; <; 2; 21; 6; 1080; 1080; 2
80; 80R; <; 3; 20; 6; 1140; 1140; 2
80; 80R; <; 4; 2; 6; 1200; 1200; 2
80; 80R; <; 5; 61; 6; 1380; 1380; 2
80; 80R; <; 6; 28; 6; 1440; 1440; 2
80; 80R; <; 7; 27; 6; 1440; 1440; 2
80; 80R; <; 8; 26; 6; 1560; 1560; 2
80; 80R; <; 9; 25; 6; 1620; 1620; 2
80; 80R; <; 10; 33; 6; 1740; 1740; 2
80; 80R; <; 11; 1; 6; 1800; 1800; 2
80; 80R; <; 12; 83; 6; 1980; 1980; 2
80; 80R; <; 13; 80; 6; 2100; 2100; 2
80; 80R; <; 14; 24; 6; 2160; 2160; 2
80; 80R; <; 15; 23; 6; 2220; 2220; 2
80; 80R; <; 16; 81; 6; 2340; 2340; 2
80; 80R; <; 17; 62; 6; 2460; 2460; 2
80; 80R; <; 18; 15; 6; 2520; 2520; 2
80; 80R; <; 19; 70; 6; 2580; 2580; 2
80; 80R; <; 20; 78; 6; 2700; 2700; 2
80; 80R; <; 21; 14; 6; 2760; 2760; 2
80; 80R; <; 22; 13; 6; 2820; 2820; 2
80; 80R; <; 23; 12; 6; 2940; 2940; 2
80; 80R; <; 24; 11; 6; 3000; 3000; 2
80; 80R; <; 25; 69; 6; 3120; 3120; 2
80; 80R; <; 26; 9; 6; 3180; 3180; 2
80; 80R; <; 27; 8; 6; 3240; 3240; 2
80; 80R; <; 28; 7; 6; 3300; 3300; 2
80; 80R; <; 29; 6; 6; 3360; 3360; 2
80; 80R; <; 30; 5; 6; 3420; 3420; 2
80; 80R; <; 1; 22; 6; 1620; 1620; 3
80; 80R; <; 2; 21; 6; 1680; 1680; 3
80; 80R; <; 3; 20; 6; 1740; 1740; 3
80; 80R; <; 4; 2; 6; 1800; 1800; 3
80; 80R; <; 5; 61; 6; 1980; 1980; 3
80; 80R; <; 6; 28; 6; 2040; 2040; 3
80; 80R; <; 7; 27; 6; 2040; 2040; 3
80; 80R; <; 8; 26; 6; 2160; 2160; 3
80; 80R; <; 9; 25; 6; 2220; 2220; 3
80; 80R; <; 10; 33; 6; 2340; 2340; 3
80; 80R; <; 11; 1; 6; 2400; 2400; 3
80; 80R; <; 12; 83; 6; 2580; 2580; 3
80; 80R; <; 13; 80; 6; 2700; 2700; 3
80; 80R; <; 14; 24; 6; 2760; 2760; 3
80; 80R; <; 15; 23; 6; 2820; 2820; 3
80; 80R; <; 16; 81; 6; 2940; 2940; 3
80; 80R; <; 17; 62; 6; 3060; 3060; 3
80; 80R; <; 18; 15; 6; 3120; 3120; 3
80; 80R; <; 19; 70; 6; 3180; 3180; 3
80; 80R; <; 20; 78; 6; 3300; 3300; 3
80; 80R; <; 21; 14; 6; 3360; 3360; 3
80; 80R; <; 22; 13; 6; 3420; 3420; 3
80; 80R; <; 23; 12; 6; 3540; 3540; 3
80; 80R; <; 24; 11; 6; 0; 0; 3
80; 80R; <; 25; 69; 6; 120; 120; 3
80; 80R; <; 26; 9; 6; 180; 180; 3
80; 80R; <; 27; 8; 6; 240; 240; 3
80; 80R; <; 28; 7; 6; 300; 300; 3
80; 80R; <; 29; 6; 6; 360; 360; 3
80; 80R; <; 30; 5; 6; 420; 420; 3
80; 80R; <; 1; 22; 6; 2220; 2220; 4
80; 80R; <; 2; 21; 6; 2280; 2280; 4
80; 80R; <; 3; 20; 6; 2340; 2340; 4
80; 80R; <; 4; 2; 6; 2400; 2400; 4
80; 80R; <; 5; 61; 6; 2580; 2580; 4
80; 80R; <; 6; 28; 6; 2640; 2640; 4
80; 80R; <; 7; 27; 6; 2640; 2640; 4
80; 80R; <; 8; 26; 6; 2760; 2760; 4
80; 80R; <; 9; 25; 6; 2820; 2820; 4
80; 80R; <; 10; 33; 6; 2940; 2940; 4
80; 80R; <; 11; 1; 6; 3000; 3000; 4
80; 80R; <; 12; 83; 6; 3180; 3180; 4
80; 80R; <; 13; 80; 6; 3300; 3300; 4
80; 80R; <; 14; 24; 6; 3360; 3360; 4
80; 80R; <; 15; 23; 6; 3420; 3420; 4
80; 80R; <; 16; 81; 6; 3540; 3540; 4
80; 80R; <; 17; 62; 6; 60; 60; 4
80; 80R; <; 18; 15; 6; 120; 120; 4
80; 80R; <; 19; 70; 6; 180; 180; 4
80; 80R; <; 20; 78; 6; 300; 300; 4
80; 80R; <; 21; 14; 6; 360; 360; 4
80; 80R; <; 22; 13; 6; 420; 420; 4
80; 80R; <; 23; 12; 6; 540; 540; 4
80; 80R; <; 24; 11; 6; 600; 600; 4
80; 80R; <; 25; 69; 6; 720; 720; 4
80; 80R; <; 26; 9; 6; 780; 780; 4
80; 80R; <; 27; 8; 6; 840; 840; 4
80; 80R; <; 28; 7; 6; 900; 900; 4
80; 80R; <; 29; 6; 6; 960; 960; 4
80; 80R; <; 30; 5; 6; 1020; 1020; 4
80; 80R; <; 1; 22; 6; 2820; 2820; 5
80; 80R; <; 2; 21; 6; 2880; 2880; 5
80; 80R; <; 3; 20; 6; 2940; 2940; 5
80; 80R; <; 4; 2; 6; 3000; 3000; 5
80; 80R; <; 5; 61; 6; 3180; 3180; 5
80; 80R; <; 6; 28; 6; 3240; 3240; 5
80; 80R; <; 7; 27; 6; 3240; 3240; 5
80; 80R; <; 8; 26; 6; 3360; 3360; 5
80; 80R; <; 9; 25; 6; 3420; 3420; 5
80; 80R; <; 10; 33; 6; 3540; 3540; 5
80; 80R; <; 11; 1; 6; 0; 0; 5
80; 80R; <; 12; 83; 6; 180; 180; 5
80; 80R; <; 13; 80; 6; 300; 300; 5
80; 80R; <; 14; 24; 6; 360; 360; 5
80; 80R; <; 15; 23; 6; 420; 420; 5
80; 80R; <; 16; 81; 6; 540; 540; 5
80; 80R; <; 17; 62; 6; 660; 660; 5
80; 80R; <; 18; 15; 6; 720; 720; 5
80; 80R; <; 19; 70; 6; 780; 780; 5
80; 80R; <; 20; 78; 6; 900; 900; 5
80; 80R; <; 21; 14; 6; 960; 960; 5
80; 80R; <; 22; 13; 6; 1020; 1020; 5
80; 80R; <; 23; 12; 6; 1140; 1140; 5
80; 80R; <; 24; 11; 6; 1200; 1200; 5
80; 80R; <; 25; 69; 6; 1320; 1320; 5
80; 80R; <; 26; 9; 6; 1380; 1380; 5
80; 80R; <; 27; 8; 6; 1440; 1440; 5
80; 80R; <; 28; 7; 6; 1500; 1500; 5
80; 80R; <; 29; 6; 6; 1560; 1560; 5
80; 80R; <; 30; 5; 6; 1620; 1620; 5
80; 80R; <; 1; 22; 6; 3420; 3420; 6
80; 80R; <; 2; 21; 6; 3480; 3480; 6
80; 80R; <; 3; 20; 6; 3540; 3540; 6
80; 80R; <; 4; 2; 6; 0; 0; 6
80; 80R; <; 5; 61; 6; 180; 180; 6
80; 80R; <; 6; 28; 6; 240; 240; 6
80; 80R; <; 7; 27; 6; 240; 240; 6
80; 80R; <; 8; 26; 6; 360; 360; 6
80; 80R; <; 9; 25; 6; 420; 420; 6
80; 80R; <; 10; 33; 6; 540; 540; 6
80; 80R; <; 11; 1; 6; 600; 600; 6
80; 80R; <; 12; 83; 6; 780; 780; 6
80; 80R; <; 13; 80; 6; 900; 900; 6
80; 80R; <; 14; 24; 6; 960; 960; 6
80; 80R; <; 15; 23; 6; 1020; 1020; 6
80; 80R; <; 16; 81; 6; 1140; 1140; 6
80; 80R; <; 17; 62; 6; 1260; 1260; 6
80; 80R; <; 18; 15; 6; 1320; 1320; 6
80; 80R; <; 19; 70; 6; 1380; 1380; 6
80; 80R; <; 20; 78; 6; 1500; 1500; 6
80; 80R; <; 21; 14; 6; 1560; 1560; 6
80; 80R; <; 22; 13; 6; 1620; 1620; 6
80; 80R; <; 23; 12; 6; 1740; 1740; 6
80; 80R; <; 24; 11; 6; 1800; 1800; 6
80; 80R; <; 25; 69; 6; 1920; 1920; 6
80; 80R; <; 26; 9; 6; 1980; 1980; 6
80; 80R; <; 27; 8; 6; 2040; 2040; 6
80; 80R; <; 28; 7; 6; 2100; 2100; 6
80; 80R; <; 29; 6; 6; 2160; 2160; 6
80; 80R; <; 30; 5; 6; 2220; 2220; 6
