#event-id; time
1; 2950
2; 3040
3; 3060
4; 3150
5; 3170
6; 3260
7; 3280
8; 3370
9; 3390
10; 3480
11; 3500
12; 3590
13; 10
14; 100
15; 120
16; 210
17; 230
18; 320
19; 340
20; 412
21; 432
22; 504
23; 524
24; 596
25; 0
26; 72
27; 92
28; 164
29; 184
30; 256
31; 276
32; 366
33; 386
34; 476
35; 496
36; 586
37; 606
38; 696
39; 716
40; 806
41; 826
42; 916
43; 936
44; 1026
45; 1046
46; 1136
47; 1156
48; 1246
49; 594
50; 684
51; 704
52; 794
53; 814
54; 904
55; 924
56; 996
57; 1016
58; 1088
59; 1108
60; 1180
61; 1200
62; 1272
63; 1292
64; 1364
65; 1384
66; 1456
67; 1476
68; 1566
69; 1586
70; 1676
71; 1696
72; 1786
73; 3482
74; 3572
75; 3592
76; 82
77; 102
78; 192
79; 212
80; 284
81; 304
82; 376
83; 396
84; 468
85; 488
86; 560
87; 580
88; 652
89; 672
90; 744
91; 764
92; 854
93; 874
94; 964
95; 984
96; 1074
97; 1696
98; 1768
99; 1788
100; 1860
101; 1880
102; 1952
103; 1972
104; 2062
105; 2082
106; 2172
107; 2192
108; 2282
109; 2302
110; 2392
111; 2412
112; 2502
113; 2522
114; 2612
115; 2632
116; 2722
117; 1074
118; 1164
119; 1184
120; 1274
121; 1294
122; 1384
123; 1404
124; 1494
125; 1514
126; 1604
127; 1624
128; 1714
129; 1734
130; 1824
131; 1844
132; 1916
133; 1936
134; 2008
135; 2028
136; 2100
137; 2384
138; 2456
139; 2476
140; 2548
141; 2568
142; 2640
143; 2660
144; 2750
145; 2770
146; 2860
147; 2880
148; 2970
149; 2990
150; 3080
151; 3100
152; 3172
153; 3192
154; 3264
155; 3284
156; 3356
157; 440
158; 512
159; 532
160; 604
161; 624
162; 696
163; 716
164; 806
165; 826
166; 916
167; 936
168; 1026
169; 1046
170; 1136
171; 1156
172; 1228
173; 1248
174; 1320
175; 1340
176; 1412
177; 72
178; 144
179; 164
180; 236
181; 256
182; 328
183; 348
184; 438
185; 458
186; 548
187; 568
188; 658
189; 678
190; 768
191; 788
192; 878
193; 898
194; 988
195; 1008
196; 1098
197; 18
198; 108
199; 128
200; 218
201; 238
202; 328
203; 348
204; 438
205; 458
206; 548
207; 568
208; 658
209; 678
210; 768
211; 788
212; 860
213; 880
214; 952
215; 972
216; 1044
217; 144
218; 216
219; 236
220; 308
221; 328
222; 400
223; 420
224; 492
225; 512
226; 584
227; 604
228; 676
229; 696
230; 768
231; 788
232; 878
233; 2422
234; 2512
235; 2532
236; 2604
237; 2624
238; 2696
239; 2716
240; 2788
241; 2808
242; 2880
243; 2900
244; 2972
245; 2992
246; 3064
247; 3084
248; 3156
249; 1728
250; 1800
251; 1820
252; 1892
253; 1912
254; 1984
255; 2004
256; 2076
257; 2096
258; 2168
259; 2188
260; 2260
261; 2280
262; 2352
263; 2372
264; 2444
265; 1752
266; 1824
267; 1844
268; 1916
269; 1936
270; 2008
271; 2028
272; 2100
273; 2120
274; 2192
275; 2212
276; 2284
277; 2304
278; 2376
279; 2396
280; 2468
281; 416
282; 488
283; 508
284; 580
285; 600
286; 672
287; 692
288; 782
289; 802
290; 892
291; 912
292; 1002
293; 1022
294; 1112
295; 1132
296; 1204
297; 160
298; 232
299; 252
300; 342
301; 362
302; 452
303; 472
304; 562
305; 582
306; 672
307; 692
308; 764
309; 784
310; 856
311; 876
312; 948
313; 48
314; 120
315; 140
316; 212
317; 232
318; 304
319; 324
320; 396
321; 416
322; 488
323; 508
324; 580
325; 600
326; 672
327; 692
328; 782
329; 1062
330; 1152
331; 1172
332; 1244
333; 1264
334; 1336
335; 1356
336; 1428
337; 1448
338; 1520
339; 1540
340; 1612
341; 1632
342; 1704
343; 1724
344; 1796
345; 1122
346; 1212
347; 1232
348; 1322
349; 1342
350; 1432
351; 1452
352; 1524
353; 1544
354; 1616
355; 1636
356; 1708
357; 1728
358; 1800
359; 1820
360; 1892
361; 2072
362; 2144
363; 2164
364; 2236
365; 2256
366; 2328
367; 2348
368; 2420
369; 2440
370; 2512
371; 2532
372; 2622
373; 2642
374; 2732
375; 2752
376; 2842
377; 1994
378; 2084
379; 2104
380; 2194
381; 2214
382; 2304
383; 2324
384; 2396
385; 2416
386; 2488
387; 2508
388; 2580
389; 2600
390; 2672
391; 2692
392; 2764
393; 3392
394; 3464
395; 3484
396; 3556
397; 3576
398; 48
399; 68
400; 140
401; 160
402; 232
403; 252
404; 342
405; 362
406; 452
407; 472
408; 562
409; 2890
410; 2980
411; 3000
412; 3090
413; 3110
414; 3200
415; 3220
416; 3292
417; 3312
418; 3384
419; 3404
420; 3476
421; 3496
422; 3568
423; 3588
424; 60
425; 304
426; 376
427; 396
428; 468
429; 488
430; 560
431; 580
432; 652
433; 672
434; 744
435; 764
436; 854
437; 874
438; 964
439; 984
440; 1074
441; 170
442; 260
443; 280
444; 370
445; 390
446; 480
447; 500
448; 572
449; 592
450; 664
451; 684
452; 756
453; 776
454; 848
455; 868
456; 958
457; 3238
458; 3328
459; 3348
460; 3420
461; 3440
462; 3512
463; 3532
464; 4
465; 24
466; 96
467; 116
468; 206
469; 226
470; 316
471; 336
472; 426
473; 2094
474; 2184
475; 2204
476; 2276
477; 2296
478; 2368
479; 2388
480; 2478
481; 2498
482; 2588
483; 2608
484; 2698
485; 2718
486; 2808
487; 2828
488; 2918
489; 2574
490; 2664
491; 2684
492; 2774
493; 2794
494; 2884
495; 2904
496; 2994
497; 3014
498; 3104
499; 3124
500; 3196
501; 3216
502; 3288
503; 3308
504; 3398
505; 1200
506; 1272
507; 1292
508; 1364
509; 1384
510; 1456
511; 1476
512; 1548
513; 1568
514; 1640
515; 1660
516; 1732
517; 1752
518; 1824
519; 1844
520; 1916
521; 2800
522; 2872
523; 2892
524; 2964
525; 2984
526; 3056
527; 3076
528; 3148
529; 3168
530; 3240
531; 3260
532; 3332
533; 3352
534; 3424
535; 3444
536; 3516
537; 2532
538; 2622
539; 2642
540; 2732
541; 2752
542; 2842
543; 2862
544; 2952
545; 2972
546; 3062
547; 3082
548; 3172
549; 3192
550; 3282
551; 1146
552; 1236
553; 1256
554; 1346
555; 1366
556; 1456
557; 1476
558; 1566
559; 1586
560; 1676
561; 1696
562; 1786
563; 1806
564; 1896
565; 154
566; 244
567; 264
568; 354
569; 374
570; 464
571; 484
572; 574
573; 594
574; 684
575; 704
576; 794
577; 2850
578; 2940
579; 2960
580; 3050
581; 3070
582; 3160
583; 3180
584; 3270
585; 3290
586; 3380
587; 3400
588; 3490
589; 2046
590; 2136
591; 2156
592; 2246
593; 2266
594; 2356
595; 2376
596; 2466
597; 2486
598; 2576
599; 2596
600; 2686
601; 1014
602; 1104
603; 1124
604; 1214
605; 1234
606; 1324
607; 1344
608; 1434
609; 1454
610; 1544
611; 1564
612; 1654
613; 494
614; 584
615; 604
616; 676
617; 696
618; 768
619; 788
620; 878
621; 898
622; 988
623; 1008
624; 1098
625; 2202
626; 2292
627; 2312
628; 2402
629; 2422
630; 2512
631; 2532
632; 2604
633; 2624
634; 2696
635; 2716
636; 2806
637; 720
638; 792
639; 812
640; 884
641; 904
642; 976
643; 996
644; 1086
645; 1106
646; 1196
647; 1216
648; 1306
649; 2730
650; 2820
651; 2840
652; 2930
653; 2950
654; 3040
655; 3060
656; 3132
657; 3152
658; 3224
659; 3244
660; 3316
661; 160
662; 232
663; 252
664; 342
665; 362
666; 452
667; 472
668; 562
669; 582
670; 672
671; 692
672; 764
673; 920
674; 992
675; 1012
676; 1102
677; 1122
678; 1212
679; 1232
680; 1322
681; 1342
682; 1432
683; 1452
684; 1524
685; 2646
686; 2736
687; 2756
688; 2828
689; 2848
690; 2920
691; 2940
692; 3012
693; 3032
694; 3104
695; 3124
696; 3214
697; 30
698; 120
699; 140
700; 212
701; 232
702; 304
703; 324
704; 396
705; 416
706; 488
707; 508
708; 598
709; 2686
710; 2776
711; 2796
712; 2868
713; 2888
714; 2960
715; 2980
716; 3052
717; 3072
718; 3144
719; 3164
720; 3254
721; 2030
722; 2120
723; 2140
724; 2212
725; 2232
726; 2304
727; 2324
728; 2396
729; 2416
730; 2488
731; 2508
732; 2598
733; 754
734; 844
735; 864
736; 954
737; 974
738; 1064
739; 1084
740; 1174
741; 1194
742; 1284
743; 1304
744; 1394
745; 2250
746; 2340
747; 2360
748; 2450
749; 2470
750; 2560
751; 2580
752; 2670
753; 2690
754; 2780
755; 2800
756; 2890
757; 678
758; 768
759; 788
760; 878
761; 898
762; 988
763; 1008
764; 1098
765; 1118
766; 1208
767; 1228
768; 1300
769; 3040
770; 3112
771; 3132
772; 3222
773; 3242
774; 3332
775; 3352
776; 3442
777; 3462
778; 3552
779; 3572
780; 62
781; 3174
782; 3264
783; 3284
784; 3356
785; 3376
786; 3448
787; 3468
788; 3540
789; 3560
790; 32
791; 52
792; 124
793; 3120
794; 3192
795; 3212
796; 3284
797; 3304
798; 3376
799; 3396
800; 3468
801; 3488
802; 3560
803; 3580
804; 70
805; 838
806; 928
807; 948
808; 1020
809; 1040
810; 1112
811; 1132
812; 1204
813; 1224
814; 1296
815; 1316
816; 1406
817; 1894
818; 1984
819; 2004
820; 2076
821; 2096
822; 2168
823; 2188
824; 2260
825; 2280
826; 2352
827; 2372
828; 2462
829; 1366
830; 1456
831; 1476
832; 1548
833; 1568
834; 1640
835; 1660
836; 1732
837; 1752
838; 1824
839; 1844
840; 1934
841; 1366
842; 1456
843; 1476
844; 1548
845; 1568
846; 1640
847; 1660
848; 1732
849; 1752
850; 1824
851; 1844
852; 1934
853; 648
854; 720
855; 740
856; 812
857; 832
858; 904
859; 924
860; 1014
861; 1034
862; 1124
863; 1144
864; 1234
865; 2362
866; 2452
867; 2472
868; 2562
869; 2582
870; 2672
871; 2692
872; 2764
873; 2784
874; 2856
875; 2876
876; 2948
877; 416
878; 488
879; 508
880; 598
881; 618
882; 708
883; 728
884; 818
885; 838
886; 928
887; 948
888; 1020
889; 96
890; 168
891; 188
892; 278
893; 298
894; 388
895; 408
896; 498
897; 518
898; 608
899; 628
900; 700
901; 38
902; 128
903; 148
904; 238
905; 258
906; 348
907; 368
908; 458
909; 478
910; 568
911; 588
912; 660
913; 3304
914; 3376
915; 3396
916; 3486
917; 3506
918; 3596
919; 16
920; 106
921; 126
922; 216
923; 236
924; 326
925; 304
926; 376
927; 396
928; 468
929; 488
930; 560
931; 580
932; 652
933; 672
934; 744
935; 764
936; 836
937; 144
938; 216
939; 236
940; 308
941; 328
942; 400
943; 420
944; 492
945; 512
946; 584
947; 604
948; 676
949; 3352
950; 3424
951; 3444
952; 3516
953; 3536
954; 8
955; 28
956; 100
957; 120
958; 192
959; 212
960; 284
961; 3512
962; 3584
963; 4
964; 76
965; 96
966; 168
967; 188
968; 260
969; 280
970; 352
971; 372
972; 444
973; 1612
974; 1684
975; 1704
976; 1776
977; 1796
978; 1868
979; 1888
980; 1960
981; 1980
982; 2070
983; 3214
984; 3304
985; 3324
986; 3396
987; 3416
988; 3488
989; 3508
990; 3580
991; 0
992; 72
993; 2968
994; 3040
995; 3060
996; 3150
997; 3170
998; 3260
999; 3280
1000; 3370
1001; 3390
1002; 3480
1003; 92
1004; 182
1005; 202
1006; 292
1007; 312
1008; 402
1009; 422
1010; 512
1011; 532
1012; 604
1013; 3000
1014; 3072
1015; 3092
1016; 3182
1017; 3202
1018; 3292
1019; 3312
1020; 3402
1021; 3422
1022; 3512
1023; 60
1024; 150
1025; 170
1026; 260
1027; 280
1028; 370
1029; 390
1030; 480
1031; 500
1032; 572
1033; 1200
1034; 1272
1035; 1292
1036; 1364
1037; 1384
1038; 1456
1039; 1476
1040; 1548
1041; 1568
1042; 1640
1043; 1660
1044; 1732
1045; 1752
1046; 1824
1047; 1844
1048; 1916
1049; 1936
1050; 2008
1051; 2028
1052; 2100
1053; 2600
1054; 2672
1055; 2692
1056; 2764
1057; 2784
1058; 2856
1059; 2876
1060; 2948
1061; 2968
1062; 3040
1063; 924
1064; 996
1065; 1016
1066; 1088
1067; 1108
1068; 1180
1069; 1200
1070; 1272
1071; 1292
1072; 1364
1073; 3216
1074; 3288
1075; 3308
1076; 3380
1077; 3400
1078; 3472
1079; 3492
1080; 3564
1081; 3584
1082; 56
1083; 396
1084; 468
1085; 488
1086; 560
1087; 580
1088; 652
1089; 672
1090; 744
1091; 764
1092; 836
1093; 2342
1094; 2432
1095; 2452
1096; 2524
1097; 2544
1098; 2616
1099; 2636
1100; 2726
1101; 2558
1102; 2648
1103; 2668
1104; 2740
1105; 2760
1106; 2832
1107; 2852
1108; 2942
1109; 2902
1110; 2992
1111; 3012
1112; 3084
1113; 3104
1114; 3176
1115; 3196
1116; 3286
1117; 1278
1118; 1368
1119; 1388
1120; 1460
1121; 1480
1122; 1552
1123; 1572
1124; 1662
1125; 96
1126; 168
1127; 188
1128; 278
1129; 298
1130; 388
1131; 408
1132; 498
1133; 1058
1134; 1148
1135; 1168
1136; 1258
1137; 1278
1138; 1368
1139; 1388
1140; 1460
1141; 142
1142; 232
1143; 252
1144; 324
1145; 344
1146; 416
1147; 436
1148; 508
1149; 1176
1150; 1248
1151; 1268
1152; 1340
1153; 1360
1154; 1432
1155; 1452
1156; 1542
1157; 3256
1158; 3328
1159; 3348
1160; 3420
1161; 3440
1162; 3512
1163; 3532
1164; 22
1165; 0
1166; 90
1167; 110
1168; 182
1169; 202
1170; 274
1171; 294
1172; 366
1173; 688
1174; 760
1175; 780
1176; 852
1177; 872
1178; 944
1179; 964
1180; 1054
1181; 630
1182; 720
1183; 740
1184; 812
1185; 832
1186; 904
1187; 924
1188; 996
1189; 2840
1190; 2912
1191; 2932
1192; 3022
1193; 3042
1194; 3132
1195; 3152
1196; 3242
1197; 330
1198; 420
1199; 440
1200; 530
1201; 550
1202; 640
1203; 660
1204; 732
1205; 618
1206; 708
1207; 728
1208; 818
1209; 838
1210; 928
1211; 948
1212; 1020
1213; 2280
1214; 2352
1215; 2372
1216; 2462
1217; 2482
1218; 2572
1219; 2592
1220; 2682
1221; 1064
1222; 1136
1223; 1156
1224; 1228
1225; 1248
1226; 1320
1227; 1340
1228; 1412
1229; 2624
1230; 2696
1231; 2716
1232; 2788
1233; 2808
1234; 2880
1235; 2900
1236; 2972
1237; 3582
1238; 72
1239; 92
1240; 164
1241; 184
1242; 256
1243; 276
1244; 348
1245; 3256
1246; 3328
1247; 3348
1248; 3420
1249; 3440
1250; 3512
1251; 3532
1252; 22
1253; 3202
1254; 3292
1255; 3312
1256; 3402
1257; 3422
1258; 3512
1259; 3532
1260; 4
1261; 3568
1262; 40
1263; 60
1264; 150
1265; 170
1266; 260
1267; 280
1268; 370
1269; 1408
1270; 1480
1271; 1500
1272; 1572
1273; 1592
1274; 1664
1275; 1684
1276; 1756
1277; 2280
1278; 2352
1279; 2372
1280; 2444
1281; 2464
1282; 2536
1283; 2556
1284; 2628
1285; 760
1286; 832
1287; 852
1288; 942
1289; 962
1290; 1052
1291; 1072
1292; 1162
1293; 522
1294; 612
1295; 632
1296; 722
1297; 742
1298; 832
1299; 852
1300; 924
1301; 1352
1302; 1424
1303; 1444
1304; 1516
1305; 1536
1306; 1608
1307; 1628
1308; 1718
1309; 2238
1310; 2328
1311; 2348
1312; 2420
1313; 2440
1314; 2512
1315; 2532
1316; 2604
1317; 1354
1318; 1444
1319; 1464
1320; 1554
1321; 1574
1322; 1664
1323; 1684
1324; 1756
1325; 1888
1326; 1960
1327; 1980
1328; 2070
1329; 2090
1330; 2180
1331; 2200
1332; 2290
1333; 1966
1334; 2056
1335; 2076
1336; 2148
1337; 2168
1338; 2240
1339; 2260
1340; 2332
1341; 2096
1342; 2168
1343; 2188
1344; 2260
1345; 2280
1346; 2352
1347; 2372
1348; 2462
1349; 2802
1350; 2892
1351; 2912
1352; 3002
1353; 3022
1354; 3112
1355; 3132
1356; 3204
1357; 760
1358; 832
1359; 852
1360; 942
1361; 962
1362; 1052
1363; 1072
1364; 1162
1365; 962
1366; 1052
1367; 1072
1368; 1162
1369; 1182
1370; 1272
1371; 1292
1372; 1364
1373; 0
1374; 72
1375; 92
1376; 182
1377; 202
1378; 292
1379; 312
1380; 402
1381; 1040
1382; 1112
1383; 1132
1384; 1204
1385; 1224
1386; 1296
1387; 1316
1388; 1388
1389; 1912
1390; 1984
1391; 2004
1392; 2076
1393; 2096
1394; 2168
1395; 2188
1396; 2260
1397; 2808
1398; 2880
1399; 2900
1400; 2990
1401; 3010
1402; 3100
1403; 3120
1404; 3210
1405; 986
1406; 1076
1407; 1096
1408; 1186
1409; 1206
1410; 1296
1411; 1316
1412; 1388
1413; 2624
1414; 2696
1415; 2716
1416; 2788
1417; 2808
1418; 2880
1419; 2900
1420; 2972
1421; 1224
1422; 1296
1423; 1316
1424; 1388
1425; 1408
1426; 1480
1427; 1500
1428; 1572
1429; 72
1430; 144
1431; 164
1432; 254
1433; 274
1434; 364
1435; 384
1436; 474
1437; 666
1438; 756
1439; 776
1440; 866
1441; 886
1442; 976
1443; 996
1444; 1068
1445; 120
1446; 192
1447; 212
1448; 284
1449; 304
1450; 376
1451; 396
1452; 486
1453; 2758
1454; 2848
1455; 2868
1456; 2940
1457; 2960
1458; 3032
1459; 3052
1460; 3124
1461; 2022
1462; 2112
1463; 2132
1464; 2204
1465; 2224
1466; 2296
1467; 2316
1468; 2388
1469; 1408
1470; 1480
1471; 1500
1472; 1572
1473; 1592
1474; 1664
1475; 1684
1476; 1774
1477; 1426
1478; 1516
1479; 1536
1480; 1626
1481; 1646
1482; 1736
1483; 1756
1484; 1828
1485; 992
1486; 1064
1487; 1084
1488; 1174
1489; 1194
1490; 1284
1491; 1304
1492; 1394
1493; 2528
1494; 2600
1495; 2620
1496; 2710
1497; 2730
1498; 2820
1499; 2840
1500; 2930
1501; 1034
1502; 1124
1503; 1144
1504; 1234
1505; 1254
1506; 1344
1507; 1364
1508; 1436
1509; 2742
1510; 2832
1511; 2852
1512; 2924
1513; 2944
1514; 3016
1515; 3036
1516; 3108
1517; 1248
1518; 1320
1519; 1340
1520; 1412
1521; 1432
1522; 1504
1523; 1524
1524; 1614
1525; 1194
1526; 1284
1527; 1304
1528; 1394
1529; 1414
1530; 1504
1531; 1524
1532; 1596
1533; 144
1534; 216
1535; 236
1536; 326
1537; 346
1538; 436
1539; 456
1540; 546
1541; 3128
1542; 3200
1543; 3220
1544; 3310
1545; 3330
1546; 3420
1547; 3440
1548; 3530
1549; 274
1550; 364
1551; 384
1552; 474
1553; 494
1554; 584
1555; 604
1556; 676
1557; 434
1558; 524
1559; 544
1560; 634
1561; 654
1562; 744
1563; 764
1564; 836
1565; 304
1566; 376
1567; 396
1568; 486
1569; 506
1570; 596
1571; 616
1572; 706
1573; 1592
1574; 1664
1575; 1684
1576; 1756
1577; 1776
1578; 1848
1579; 1868
1580; 1940
1581; 2416
1582; 2488
1583; 2508
1584; 2580
1585; 2600
1586; 2672
1587; 2692
1588; 2764
1589; 3152
1590; 3224
1591; 3244
1592; 3316
1593; 3336
1594; 3408
1595; 3428
1596; 3518
1597; 678
1598; 768
1599; 788
1600; 860
1601; 880
1602; 952
1603; 972
1604; 1044
1605; 2784
1606; 2856
1607; 2876
1608; 2948
1609; 2968
1610; 3040
1611; 3060
1612; 3132
1613; 904
1614; 976
1615; 996
1616; 1068
1617; 1088
1618; 1160
1619; 1180
1620; 1252
1621; 144
1622; 216
1623; 236
1624; 326
1625; 346
1626; 436
1627; 456
1628; 546
1629; 3346
1630; 3436
1631; 3456
1632; 3546
1633; 3566
1634; 56
1635; 76
1636; 148
1637; 1768
1638; 1840
1639; 1860
1640; 1932
1641; 1952
1642; 2024
1643; 2044
1644; 2134
1645; 3518
1646; 8
1647; 28
1648; 100
1649; 120
1650; 192
1651; 212
1652; 284
1653; 240
1654; 312
1655; 332
1656; 404
1657; 424
1658; 496
1659; 516
1660; 588
1661; 3376
1662; 3448
1663; 3468
1664; 3540
1665; 3560
1666; 32
1667; 52
1668; 124
1669; 3274
1670; 3346
1671; 3366
1672; 3438
1673; 3458
1674; 3530
1675; 3550
1676; 40
1677; 398
1678; 488
1679; 508
1680; 580
1681; 600
1682; 672
1683; 692
1684; 764
1685; 1058
1686; 1148
1687; 1168
1688; 1258
1689; 1278
1690; 1368
1691; 1388
1692; 1460
1693; 2984
1694; 3056
1695; 3076
1696; 3166
1697; 3186
1698; 3276
1699; 3296
1700; 3386
1701; 1658
1702; 1748
1703; 1768
1704; 1858
1705; 1878
1706; 1968
1707; 1988
1708; 2078
1709; 3126
1710; 3216
1711; 3236
1712; 3326
1713; 3346
1714; 3436
1715; 3456
1716; 3546
1717; 3536
1718; 8
1719; 28
1720; 118
1721; 138
1722; 228
1723; 248
1724; 338
1725; 3258
1726; 3348
1727; 3368
1728; 3458
1729; 3478
1730; 3568
1731; 3588
1732; 60
1733; 1016
1734; 1088
1735; 1108
1736; 1180
1737; 1200
1738; 1272
1739; 1292
1740; 1382
1741; 3198
1742; 3288
1743; 3308
1744; 3380
1745; 3400
1746; 3472
1747; 3492
1748; 3564
1749; 1894
1750; 1984
1751; 2004
1752; 2076
1753; 2096
1754; 2168
1755; 2188
1756; 2278
1757; 2438
1758; 2528
1759; 2548
1760; 2620
1761; 2640
1762; 2712
1763; 2732
1764; 2822
1765; 924
1766; 1014
1767; 1034
1768; 1124
1769; 1144
1770; 1234
1771; 1354
1772; 1444
1773; 1464
1774; 1554
1775; 1574
1776; 1664
1777; 3566
1778; 56
1779; 76
1780; 148
1781; 3152
1782; 3224
1783; 3244
1784; 3334
1785; 654
1786; 744
1787; 764
1788; 836
1789; 2464
1790; 2536
1791; 2556
1792; 2646
1793; 0
1794; 90
1795; 110
1796; 200
1797; 0
1798; 90
1799; 110
1800; 200
1801; 202
1802; 292
1803; 312
1804; 402
1805; 962
1806; 1052
1807; 1072
1808; 1162
1809; 1728
1810; 1800
1811; 1820
1812; 1892
1813; 2624
1814; 2696
1815; 2716
1816; 2788
1817; 446
1818; 536
1819; 556
1820; 628
1821; 2616
1822; 2688
1823; 2708
1824; 2798
1825; 256
1826; 328
1827; 348
1828; 438
1829; 0
1830; 90
1831; 110
1832; 182
1833; 1040
1834; 1112
1835; 1132
1836; 1204
1837; 3512
1838; 3584
1839; 4
1840; 76
1841; 2944
1842; 3016
1843; 3036
1844; 3108
1845; 1248
1846; 1320
1847; 1340
1848; 1412
1849; 1278
1850; 1368
1851; 1388
1852; 1478
1853; 3238
1854; 3328
1855; 3348
1856; 3438
1857; 752
1858; 824
1859; 844
1860; 934
1861; 3262
1862; 3352
1863; 3372
1864; 3444
