# line-id; line-code; direction; stop-order; stop-id; frequency; arrival_time; departure_time; line-repetition
1; 1H; >; 1; 142; 1; 2950; 2950; 1
1; 1H; >; 2; 143; 1; 3040; 3060; 1
1; 1H; >; 3; 144; 1; 3150; 3170; 1
1; 1H; >; 4; 145; 1; 3260; 3280; 1
1; 1H; >; 5; 126; 1; 3370; 3390; 1
1; 1H; >; 6; 113; 1; 3480; 3500; 1
1; 1H; >; 7; 94; 1; 3590; 10; 1
1; 1H; >; 8; 81; 1; 100; 120; 1
1; 1H; >; 9; 82; 1; 210; 230; 1
1; 1H; >; 10; 83; 1; 320; 340; 1
1; 1H; >; 11; 95; 1; 412; 432; 1
1; 1H; >; 12; 115; 1; 504; 524; 1
1; 1H; >; 13; 114; 1; 596; 596; 1
1; 1R; <; 1; 114; 1; 0; 0; 1
1; 1R; <; 2; 115; 1; 72; 92; 1
1; 1R; <; 3; 95; 1; 164; 184; 1
1; 1R; <; 4; 83; 1; 256; 276; 1
1; 1R; <; 5; 82; 1; 366; 386; 1
1; 1R; <; 6; 81; 1; 476; 496; 1
1; 1R; <; 7; 94; 1; 586; 606; 1
1; 1R; <; 8; 113; 1; 696; 716; 1
1; 1R; <; 9; 126; 1; 806; 826; 1
1; 1R; <; 10; 145; 1; 916; 936; 1
1; 1R; <; 11; 144; 1; 1026; 1046; 1
1; 1R; <; 12; 143; 1; 1136; 1156; 1
1; 1R; <; 13; 142; 1; 1246; 1246; 1
2; 2H; >; 1; 154; 1; 594; 594; 1
2; 2H; >; 2; 137; 1; 684; 704; 1
2; 2H; >; 3; 136; 1; 794; 814; 1
2; 2H; >; 4; 135; 1; 904; 924; 1
2; 2H; >; 5; 153; 1; 996; 1016; 1
2; 2H; >; 6; 167; 1; 1088; 1108; 1
2; 2H; >; 7; 166; 1; 1180; 1200; 1
2; 2H; >; 8; 165; 1; 1272; 1292; 1
2; 2H; >; 9; 164; 1; 1364; 1384; 1
2; 2H; >; 10; 163; 1; 1456; 1476; 1
2; 2H; >; 11; 162; 1; 1566; 1586; 1
2; 2H; >; 12; 161; 1; 1676; 1696; 1
2; 2H; >; 13; 150; 1; 1786; 1786; 1
2; 2R; <; 1; 150; 1; 3482; 3482; 1
2; 2R; <; 2; 161; 1; 3572; 3592; 1
2; 2R; <; 3; 162; 1; 82; 102; 1
2; 2R; <; 4; 163; 1; 192; 212; 1
2; 2R; <; 5; 164; 1; 284; 304; 1
2; 2R; <; 6; 165; 1; 376; 396; 1
2; 2R; <; 7; 166; 1; 468; 488; 1
2; 2R; <; 8; 167; 1; 560; 580; 1
2; 2R; <; 9; 153; 1; 652; 672; 1
2; 2R; <; 10; 135; 1; 744; 764; 1
2; 2R; <; 11; 136; 1; 854; 874; 1
2; 2R; <; 12; 137; 1; 964; 984; 1
2; 2R; <; 13; 154; 1; 1074; 1074; 1
4; 4H; >; 1; 191; 1; 1696; 1696; 1
4; 4H; >; 2; 179; 1; 1768; 1788; 1
4; 4H; >; 3; 159; 1; 1860; 1880; 1
4; 4H; >; 4; 147; 1; 1952; 1972; 1
4; 4H; >; 5; 148; 1; 2062; 2082; 1
4; 4H; >; 6; 149; 1; 2172; 2192; 1
4; 4H; >; 7; 128; 1; 2282; 2302; 1
4; 4H; >; 8; 117; 1; 2392; 2412; 1
4; 4H; >; 9; 96; 1; 2502; 2522; 1
4; 4H; >; 10; 85; 1; 2612; 2632; 1
4; 4H; >; 11; 84; 1; 2722; 2722; 1
4; 4R; <; 1; 84; 1; 1074; 1074; 1
4; 4R; <; 2; 85; 1; 1164; 1184; 1
4; 4R; <; 3; 96; 1; 1274; 1294; 1
4; 4R; <; 4; 117; 1; 1384; 1404; 1
4; 4R; <; 5; 128; 1; 1494; 1514; 1
4; 4R; <; 6; 149; 1; 1604; 1624; 1
4; 4R; <; 7; 148; 1; 1714; 1734; 1
4; 4R; <; 8; 147; 1; 1824; 1844; 1
4; 4R; <; 9; 159; 1; 1916; 1936; 1
4; 4R; <; 10; 179; 1; 2008; 2028; 1
4; 4R; <; 11; 191; 1; 2100; 2100; 1
5; 5H; >; 1; 114; 1; 2384; 2384; 1
5; 5H; >; 2; 115; 1; 2456; 2476; 1
5; 5H; >; 3; 95; 1; 2548; 2568; 1
5; 5H; >; 4; 83; 1; 2640; 2660; 1
5; 5H; >; 5; 82; 1; 2750; 2770; 1
5; 5H; >; 6; 81; 1; 2860; 2880; 1
5; 5H; >; 7; 62; 1; 2970; 2990; 1
5; 5H; >; 8; 49; 1; 3080; 3100; 1
5; 5H; >; 9; 48; 1; 3172; 3192; 1
5; 5H; >; 10; 47; 1; 3264; 3284; 1
5; 5H; >; 11; 61; 1; 3356; 3356; 1
5; 5R; <; 1; 61; 1; 440; 440; 1
5; 5R; <; 2; 47; 1; 512; 532; 1
5; 5R; <; 3; 48; 1; 604; 624; 1
5; 5R; <; 4; 49; 1; 696; 716; 1
5; 5R; <; 5; 62; 1; 806; 826; 1
5; 5R; <; 6; 81; 1; 916; 936; 1
5; 5R; <; 7; 82; 1; 1026; 1046; 1
5; 5R; <; 8; 83; 1; 1136; 1156; 1
5; 5R; <; 9; 95; 1; 1228; 1248; 1
5; 5R; <; 10; 115; 1; 1320; 1340; 1
5; 5R; <; 11; 114; 1; 1412; 1412; 1
6; 6H; >; 1; 125; 1; 72; 72; 1
6; 6H; >; 2; 111; 1; 144; 164; 1
6; 6H; >; 3; 110; 1; 236; 256; 1
6; 6H; >; 4; 109; 1; 328; 348; 1
6; 6H; >; 5; 92; 1; 438; 458; 1
6; 6H; >; 6; 77; 1; 548; 568; 1
6; 6H; >; 7; 76; 1; 658; 678; 1
6; 6H; >; 8; 75; 1; 768; 788; 1
6; 6H; >; 9; 74; 1; 878; 898; 1
6; 6H; >; 10; 73; 1; 988; 1008; 1
6; 6H; >; 11; 72; 1; 1098; 1098; 1
6; 6R; <; 1; 72; 1; 18; 18; 1
6; 6R; <; 2; 73; 1; 108; 128; 1
6; 6R; <; 3; 74; 1; 218; 238; 1
6; 6R; <; 4; 75; 1; 328; 348; 1
6; 6R; <; 5; 76; 1; 438; 458; 1
6; 6R; <; 6; 77; 1; 548; 568; 1
6; 6R; <; 7; 92; 1; 658; 678; 1
6; 6R; <; 8; 109; 1; 768; 788; 1
6; 6R; <; 9; 110; 1; 860; 880; 1
6; 6R; <; 10; 111; 1; 952; 972; 1
6; 6R; <; 11; 125; 1; 1044; 1044; 1
7; 7H; >; 1; 306; 1; 144; 144; 1
7; 7H; >; 2; 307; 1; 216; 236; 1
7; 7H; >; 3; 287; 1; 308; 328; 1
7; 7H; >; 4; 275; 1; 400; 420; 1
7; 7H; >; 5; 255; 1; 492; 512; 1
7; 7H; >; 6; 243; 1; 584; 604; 1
7; 7H; >; 7; 242; 1; 676; 696; 1
7; 7H; >; 8; 241; 1; 768; 788; 1
7; 7H; >; 9; 254; 1; 878; 878; 1
7; 7R; <; 1; 254; 1; 2422; 2422; 1
7; 7R; <; 2; 241; 1; 2512; 2532; 1
7; 7R; <; 3; 242; 1; 2604; 2624; 1
7; 7R; <; 4; 243; 1; 2696; 2716; 1
7; 7R; <; 5; 255; 1; 2788; 2808; 1
7; 7R; <; 6; 275; 1; 2880; 2900; 1
7; 7R; <; 7; 287; 1; 2972; 2992; 1
7; 7R; <; 8; 307; 1; 3064; 3084; 1
7; 7R; <; 9; 306; 1; 3156; 3156; 1
10; 10H; >; 1; 236; 1; 1728; 1728; 1
10; 10H; >; 2; 235; 1; 1800; 1820; 1
10; 10H; >; 3; 219; 1; 1892; 1912; 1
10; 10H; >; 4; 203; 1; 1984; 2004; 1
10; 10H; >; 5; 187; 1; 2076; 2096; 1
10; 10H; >; 6; 171; 1; 2168; 2188; 1
10; 10H; >; 7; 172; 1; 2260; 2280; 1
10; 10H; >; 8; 173; 1; 2352; 2372; 1
10; 10H; >; 9; 174; 1; 2444; 2444; 1
10; 10R; <; 1; 174; 1; 1752; 1752; 1
10; 10R; <; 2; 173; 1; 1824; 1844; 1
10; 10R; <; 3; 172; 1; 1916; 1936; 1
10; 10R; <; 4; 171; 1; 2008; 2028; 1
10; 10R; <; 5; 187; 1; 2100; 2120; 1
10; 10R; <; 6; 203; 1; 2192; 2212; 1
10; 10R; <; 7; 219; 1; 2284; 2304; 1
10; 10R; <; 8; 235; 1; 2376; 2396; 1
10; 10R; <; 9; 236; 1; 2468; 2468; 1
12; 12H; >; 1; 249; 1; 416; 416; 1
12; 12H; >; 2; 231; 1; 488; 508; 1
12; 12H; >; 3; 217; 1; 580; 600; 1
12; 12H; >; 4; 199; 1; 672; 692; 1
12; 12H; >; 5; 198; 1; 782; 802; 1
12; 12H; >; 6; 197; 1; 892; 912; 1
12; 12H; >; 7; 196; 1; 1002; 1022; 1
12; 12H; >; 8; 195; 1; 1112; 1132; 1
12; 12H; >; 9; 183; 1; 1204; 1204; 1
12; 12R; <; 1; 183; 1; 160; 160; 1
12; 12R; <; 2; 195; 1; 232; 252; 1
12; 12R; <; 3; 196; 1; 342; 362; 1
12; 12R; <; 4; 197; 1; 452; 472; 1
12; 12R; <; 5; 198; 1; 562; 582; 1
12; 12R; <; 6; 199; 1; 672; 692; 1
12; 12R; <; 7; 217; 1; 764; 784; 1
12; 12R; <; 8; 231; 1; 856; 876; 1
12; 12R; <; 9; 249; 1; 948; 948; 1
13; 13H; >; 1; 247; 1; 48; 48; 1
13; 13H; >; 2; 227; 1; 120; 140; 1
13; 13H; >; 3; 228; 1; 212; 232; 1
13; 13H; >; 4; 229; 1; 304; 324; 1
13; 13H; >; 5; 230; 1; 396; 416; 1
13; 13H; >; 6; 231; 1; 488; 508; 1
13; 13H; >; 7; 232; 1; 580; 600; 1
13; 13H; >; 8; 233; 1; 672; 692; 1
13; 13H; >; 9; 218; 1; 782; 782; 1
13; 13R; <; 1; 218; 1; 1062; 1062; 1
13; 13R; <; 2; 233; 1; 1152; 1172; 1
13; 13R; <; 3; 232; 1; 1244; 1264; 1
13; 13R; <; 4; 231; 1; 1336; 1356; 1
13; 13R; <; 5; 230; 1; 1428; 1448; 1
13; 13R; <; 6; 229; 1; 1520; 1540; 1
13; 13R; <; 7; 228; 1; 1612; 1632; 1
13; 13R; <; 8; 227; 1; 1704; 1724; 1
13; 13R; <; 9; 247; 1; 1796; 1796; 1
17; 17H; >; 1; 202; 1; 1122; 1122; 1
17; 17H; >; 2; 201; 1; 1212; 1232; 1
17; 17H; >; 3; 186; 1; 1322; 1342; 1
17; 17H; >; 4; 169; 1; 1432; 1452; 1
17; 17H; >; 5; 170; 1; 1524; 1544; 1
17; 17H; >; 6; 171; 1; 1616; 1636; 1
17; 17H; >; 7; 172; 1; 1708; 1728; 1
17; 17H; >; 8; 173; 1; 1800; 1820; 1
17; 17H; >; 9; 174; 1; 1892; 1892; 1
17; 17R; <; 1; 174; 1; 2072; 2072; 1
17; 17R; <; 2; 173; 1; 2144; 2164; 1
17; 17R; <; 3; 172; 1; 2236; 2256; 1
17; 17R; <; 4; 171; 1; 2328; 2348; 1
17; 17R; <; 5; 170; 1; 2420; 2440; 1
17; 17R; <; 6; 169; 1; 2512; 2532; 1
17; 17R; <; 7; 186; 1; 2622; 2642; 1
17; 17R; <; 8; 201; 1; 2732; 2752; 1
17; 17R; <; 9; 202; 1; 2842; 2842; 1
18; 18H; >; 1; 202; 1; 1994; 1994; 1
18; 18H; >; 2; 201; 1; 2084; 2104; 1
18; 18H; >; 3; 186; 1; 2194; 2214; 1
18; 18H; >; 4; 169; 1; 2304; 2324; 1
18; 18H; >; 5; 170; 1; 2396; 2416; 1
18; 18H; >; 6; 171; 1; 2488; 2508; 1
18; 18H; >; 7; 155; 1; 2580; 2600; 1
18; 18H; >; 8; 139; 1; 2672; 2692; 1
18; 18H; >; 9; 123; 1; 2764; 2764; 1
18; 18R; <; 1; 123; 1; 3392; 3392; 1
18; 18R; <; 2; 139; 1; 3464; 3484; 1
18; 18R; <; 3; 155; 1; 3556; 3576; 1
18; 18R; <; 4; 171; 1; 48; 68; 1
18; 18R; <; 5; 170; 1; 140; 160; 1
18; 18R; <; 6; 169; 1; 232; 252; 1
18; 18R; <; 7; 186; 1; 342; 362; 1
18; 18R; <; 8; 201; 1; 452; 472; 1
18; 18R; <; 9; 202; 1; 562; 562; 1
19; 19H; >; 1; 154; 1; 2890; 2890; 1
19; 19H; >; 2; 137; 1; 2980; 3000; 1
19; 19H; >; 3; 136; 1; 3090; 3110; 1
19; 19H; >; 4; 135; 1; 3200; 3220; 1
19; 19H; >; 5; 121; 1; 3292; 3312; 1
19; 19H; >; 6; 103; 1; 3384; 3404; 1
19; 19H; >; 7; 102; 1; 3476; 3496; 1
19; 19H; >; 8; 101; 1; 3568; 3588; 1
19; 19H; >; 9; 100; 1; 60; 60; 1
19; 19R; <; 1; 100; 1; 304; 304; 1
19; 19R; <; 2; 101; 1; 376; 396; 1
19; 19R; <; 3; 102; 1; 468; 488; 1
19; 19R; <; 4; 103; 1; 560; 580; 1
19; 19R; <; 5; 121; 1; 652; 672; 1
19; 19R; <; 6; 135; 1; 744; 764; 1
19; 19R; <; 7; 136; 1; 854; 874; 1
19; 19R; <; 8; 137; 1; 964; 984; 1
19; 19R; <; 9; 154; 1; 1074; 1074; 1
20; 20H; >; 1; 80; 1; 170; 170; 1
20; 20H; >; 2; 81; 1; 260; 280; 1
20; 20H; >; 3; 82; 1; 370; 390; 1
20; 20H; >; 4; 83; 1; 480; 500; 1
20; 20H; >; 5; 63; 1; 572; 592; 1
20; 20H; >; 6; 51; 1; 664; 684; 1
20; 20H; >; 7; 50; 1; 756; 776; 1
20; 20H; >; 8; 49; 1; 848; 868; 1
20; 20H; >; 9; 62; 1; 958; 958; 1
20; 20R; <; 1; 62; 1; 3238; 3238; 1
20; 20R; <; 2; 49; 1; 3328; 3348; 1
20; 20R; <; 3; 50; 1; 3420; 3440; 1
20; 20R; <; 4; 51; 1; 3512; 3532; 1
20; 20R; <; 5; 63; 1; 4; 24; 1
20; 20R; <; 6; 83; 1; 96; 116; 1
20; 20R; <; 7; 82; 1; 206; 226; 1
20; 20R; <; 8; 81; 1; 316; 336; 1
20; 20R; <; 9; 80; 1; 426; 426; 1
21; 21H; >; 1; 66; 1; 2094; 2094; 1
21; 21H; >; 2; 67; 1; 2184; 2204; 1
21; 21H; >; 3; 55; 1; 2276; 2296; 1
21; 21H; >; 4; 35; 1; 2368; 2388; 1
21; 21H; >; 5; 23; 1; 2478; 2498; 1
21; 21H; >; 6; 3; 1; 2588; 2608; 1
21; 21H; >; 7; 4; 1; 2698; 2718; 1
21; 21H; >; 8; 5; 1; 2808; 2828; 1
21; 21H; >; 9; 24; 1; 2918; 2918; 1
21; 21R; <; 1; 24; 1; 2574; 2574; 1
21; 21R; <; 2; 5; 1; 2664; 2684; 1
21; 21R; <; 3; 4; 1; 2774; 2794; 1
21; 21R; <; 4; 3; 1; 2884; 2904; 1
21; 21R; <; 5; 23; 1; 2994; 3014; 1
21; 21R; <; 6; 35; 1; 3104; 3124; 1
21; 21R; <; 7; 55; 1; 3196; 3216; 1
21; 21R; <; 8; 67; 1; 3288; 3308; 1
21; 21R; <; 9; 66; 1; 3398; 3398; 1
22; 22H; >; 1; 44; 1; 1200; 1200; 1
22; 22H; >; 2; 43; 1; 1272; 1292; 1
22; 22H; >; 3; 42; 1; 1364; 1384; 1
22; 22H; >; 4; 41; 1; 1456; 1476; 1
22; 22H; >; 5; 40; 1; 1548; 1568; 1
22; 22H; >; 6; 39; 1; 1640; 1660; 1
22; 22H; >; 7; 38; 1; 1732; 1752; 1
22; 22H; >; 8; 37; 1; 1824; 1844; 1
22; 22H; >; 9; 36; 1; 1916; 1916; 1
22; 22R; <; 1; 36; 1; 2800; 2800; 1
22; 22R; <; 2; 37; 1; 2872; 2892; 1
22; 22R; <; 3; 38; 1; 2964; 2984; 1
22; 22R; <; 4; 39; 1; 3056; 3076; 1
22; 22R; <; 5; 40; 1; 3148; 3168; 1
22; 22R; <; 6; 41; 1; 3240; 3260; 1
22; 22R; <; 7; 42; 1; 3332; 3352; 1
22; 22R; <; 8; 43; 1; 3424; 3444; 1
22; 22R; <; 9; 44; 1; 3516; 3516; 1
23; 23H; >; 1; 203; 1; 2532; 2532; 1
23; 23H; >; 2; 204; 1; 2622; 2642; 1
23; 23H; >; 3; 205; 1; 2732; 2752; 1
23; 23H; >; 4; 206; 1; 2842; 2862; 1
23; 23H; >; 5; 207; 1; 2952; 2972; 1
23; 23H; >; 6; 208; 1; 3062; 3082; 1
23; 23H; >; 7; 209; 1; 3172; 3192; 1
23; 23H; >; 8; 190; 1; 3282; 3282; 1
23; 23R; <; 1; 190; 1; 1146; 1146; 1
23; 23R; <; 2; 209; 1; 1236; 1256; 1
23; 23R; <; 3; 208; 1; 1346; 1366; 1
23; 23R; <; 4; 207; 1; 1456; 1476; 1
23; 23R; <; 5; 206; 1; 1566; 1586; 1
23; 23R; <; 6; 205; 1; 1676; 1696; 1
23; 23R; <; 7; 204; 1; 1786; 1806; 1
23; 23R; <; 8; 203; 1; 1896; 1896; 1
24; 24H; >; 1; 334; 1; 154; 154; 1
24; 24H; >; 2; 333; 1; 244; 264; 1
24; 24H; >; 3; 316; 1; 354; 374; 1
24; 24H; >; 4; 301; 1; 464; 484; 1
24; 24H; >; 5; 284; 1; 574; 594; 1
24; 24H; >; 6; 269; 1; 684; 704; 1
24; 24H; >; 7; 252; 1; 794; 794; 1
24; 24R; <; 1; 252; 1; 2850; 2850; 1
24; 24R; <; 2; 269; 1; 2940; 2960; 1
24; 24R; <; 3; 284; 1; 3050; 3070; 1
24; 24R; <; 4; 301; 1; 3160; 3180; 1
24; 24R; <; 5; 316; 1; 3270; 3290; 1
24; 24R; <; 6; 333; 1; 3380; 3400; 1
24; 24R; <; 7; 334; 1; 3490; 3490; 1
26; 26H; >; 1; 312; 1; 2046; 2046; 1
26; 26H; >; 2; 325; 1; 2136; 2156; 1
26; 26H; >; 3; 324; 1; 2246; 2266; 1
26; 26H; >; 4; 323; 1; 2356; 2376; 1
26; 26H; >; 5; 311; 1; 2466; 2486; 1
26; 26H; >; 6; 291; 1; 2576; 2596; 1
26; 26H; >; 7; 290; 1; 2686; 2686; 1
26; 26R; <; 1; 290; 1; 1014; 1014; 1
26; 26R; <; 2; 291; 1; 1104; 1124; 1
26; 26R; <; 3; 311; 1; 1214; 1234; 1
26; 26R; <; 4; 323; 1; 1324; 1344; 1
26; 26R; <; 5; 324; 1; 1434; 1454; 1
26; 26R; <; 6; 325; 1; 1544; 1564; 1
26; 26R; <; 7; 312; 1; 1654; 1654; 1
27; 27H; >; 1; 317; 1; 494; 494; 1
27; 27H; >; 2; 303; 1; 584; 604; 1
27; 27H; >; 3; 285; 1; 676; 696; 1
27; 27H; >; 4; 271; 1; 768; 788; 1
27; 27H; >; 5; 272; 1; 878; 898; 1
27; 27H; >; 6; 273; 1; 988; 1008; 1
27; 27H; >; 7; 274; 1; 1098; 1098; 1
27; 27R; <; 1; 274; 1; 2202; 2202; 1
27; 27R; <; 2; 273; 1; 2292; 2312; 1
27; 27R; <; 3; 272; 1; 2402; 2422; 1
27; 27R; <; 4; 271; 1; 2512; 2532; 1
27; 27R; <; 5; 285; 1; 2604; 2624; 1
27; 27R; <; 6; 303; 1; 2696; 2716; 1
27; 27R; <; 7; 317; 1; 2806; 2806; 1
28; 28H; >; 1; 300; 1; 720; 720; 1
28; 28H; >; 2; 299; 1; 792; 812; 1
28; 28H; >; 3; 283; 1; 884; 904; 1
28; 28H; >; 4; 267; 1; 976; 996; 1
28; 28H; >; 5; 268; 1; 1086; 1106; 1
28; 28H; >; 6; 269; 1; 1196; 1216; 1
28; 28H; >; 7; 252; 1; 1306; 1306; 1
28; 28R; <; 1; 252; 1; 2730; 2730; 1
28; 28R; <; 2; 269; 1; 2820; 2840; 1
28; 28R; <; 3; 268; 1; 2930; 2950; 1
28; 28R; <; 4; 267; 1; 3040; 3060; 1
28; 28R; <; 5; 283; 1; 3132; 3152; 1
28; 28R; <; 6; 299; 1; 3224; 3244; 1
28; 28R; <; 7; 300; 1; 3316; 3316; 1
30; 30H; >; 1; 296; 1; 160; 160; 1
30; 30H; >; 2; 297; 1; 232; 252; 1
30; 30H; >; 3; 282; 1; 342; 362; 1
30; 30H; >; 4; 265; 1; 452; 472; 1
30; 30H; >; 5; 250; 1; 562; 582; 1
30; 30H; >; 6; 233; 1; 672; 692; 1
30; 30H; >; 7; 234; 1; 764; 764; 1
30; 30R; <; 1; 234; 1; 920; 920; 1
30; 30R; <; 2; 233; 1; 992; 1012; 1
30; 30R; <; 3; 250; 1; 1102; 1122; 1
30; 30R; <; 4; 265; 1; 1212; 1232; 1
30; 30R; <; 5; 282; 1; 1322; 1342; 1
30; 30R; <; 6; 297; 1; 1432; 1452; 1
30; 30R; <; 7; 296; 1; 1524; 1524; 1
31; 31H; >; 1; 290; 1; 2646; 2646; 1
31; 31H; >; 2; 291; 1; 2736; 2756; 1
31; 31H; >; 3; 279; 1; 2828; 2848; 1
31; 31H; >; 4; 259; 1; 2920; 2940; 1
31; 31H; >; 5; 247; 1; 3012; 3032; 1
31; 31H; >; 6; 227; 1; 3104; 3124; 1
31; 31H; >; 7; 226; 1; 3214; 3214; 1
31; 31R; <; 1; 226; 1; 30; 30; 1
31; 31R; <; 2; 227; 1; 120; 140; 1
31; 31R; <; 3; 247; 1; 212; 232; 1
31; 31R; <; 4; 259; 1; 304; 324; 1
31; 31R; <; 5; 279; 1; 396; 416; 1
31; 31R; <; 6; 291; 1; 488; 508; 1
31; 31R; <; 7; 290; 1; 598; 598; 1
32; 32H; >; 1; 286; 1; 2686; 2686; 1
32; 32H; >; 2; 305; 1; 2776; 2796; 1
32; 32H; >; 3; 304; 1; 2868; 2888; 1
32; 32H; >; 4; 303; 1; 2960; 2980; 1
32; 32H; >; 5; 302; 1; 3052; 3072; 1
32; 32H; >; 6; 301; 1; 3144; 3164; 1
32; 32H; >; 7; 284; 1; 3254; 3254; 1
32; 32R; <; 1; 284; 1; 2030; 2030; 1
32; 32R; <; 2; 301; 1; 2120; 2140; 1
32; 32R; <; 3; 302; 1; 2212; 2232; 1
32; 32R; <; 4; 303; 1; 2304; 2324; 1
32; 32R; <; 5; 304; 1; 2396; 2416; 1
32; 32R; <; 6; 305; 1; 2488; 2508; 1
32; 32R; <; 7; 286; 1; 2598; 2598; 1
35; 35H; >; 1; 268; 1; 754; 754; 1
35; 35H; >; 2; 269; 1; 844; 864; 1
35; 35H; >; 3; 252; 1; 954; 974; 1
35; 35H; >; 4; 237; 1; 1064; 1084; 1
35; 35H; >; 5; 220; 1; 1174; 1194; 1
35; 35H; >; 6; 205; 1; 1284; 1304; 1
35; 35H; >; 7; 204; 1; 1394; 1394; 1
35; 35R; <; 1; 204; 1; 2250; 2250; 1
35; 35R; <; 2; 205; 1; 2340; 2360; 1
35; 35R; <; 3; 220; 1; 2450; 2470; 1
35; 35R; <; 4; 237; 1; 2560; 2580; 1
35; 35R; <; 5; 252; 1; 2670; 2690; 1
35; 35R; <; 6; 269; 1; 2780; 2800; 1
35; 35R; <; 7; 268; 1; 2890; 2890; 1
36; 36H; >; 1; 254; 1; 678; 678; 1
36; 36H; >; 2; 241; 1; 768; 788; 1
36; 36H; >; 3; 222; 1; 878; 898; 1
36; 36H; >; 4; 209; 1; 988; 1008; 1
36; 36H; >; 5; 210; 1; 1098; 1118; 1
36; 36H; >; 6; 211; 1; 1208; 1228; 1
36; 36H; >; 7; 223; 1; 1300; 1300; 1
36; 36R; <; 1; 223; 1; 3040; 3040; 1
36; 36R; <; 2; 211; 1; 3112; 3132; 1
36; 36R; <; 3; 210; 1; 3222; 3242; 1
36; 36R; <; 4; 209; 1; 3332; 3352; 1
36; 36R; <; 5; 222; 1; 3442; 3462; 1
36; 36R; <; 6; 241; 1; 3552; 3572; 1
36; 36R; <; 7; 254; 1; 62; 62; 1
39; 39H; >; 1; 226; 1; 3174; 3174; 1
39; 39H; >; 2; 227; 1; 3264; 3284; 1
39; 39H; >; 3; 215; 1; 3356; 3376; 1
39; 39H; >; 4; 195; 1; 3448; 3468; 1
39; 39H; >; 5; 183; 1; 3540; 3560; 1
39; 39H; >; 6; 163; 1; 32; 52; 1
39; 39H; >; 7; 164; 1; 124; 124; 1
39; 39R; <; 1; 164; 1; 3120; 3120; 1
39; 39R; <; 2; 163; 1; 3192; 3212; 1
39; 39R; <; 3; 183; 1; 3284; 3304; 1
39; 39R; <; 4; 195; 1; 3376; 3396; 1
39; 39R; <; 5; 215; 1; 3468; 3488; 1
39; 39R; <; 6; 227; 1; 3560; 3580; 1
39; 39R; <; 7; 226; 1; 70; 70; 1
40; 40H; >; 1; 222; 1; 838; 838; 1
40; 40H; >; 2; 241; 1; 928; 948; 1
40; 40H; >; 3; 240; 1; 1020; 1040; 1
40; 40H; >; 4; 239; 1; 1112; 1132; 1
40; 40H; >; 5; 221; 1; 1204; 1224; 1
40; 40H; >; 6; 207; 1; 1296; 1316; 1
40; 40H; >; 7; 206; 1; 1406; 1406; 1
40; 40R; <; 1; 206; 1; 1894; 1894; 1
40; 40R; <; 2; 207; 1; 1984; 2004; 1
40; 40R; <; 3; 221; 1; 2076; 2096; 1
40; 40R; <; 4; 239; 1; 2168; 2188; 1
40; 40R; <; 5; 240; 1; 2260; 2280; 1
40; 40R; <; 6; 241; 1; 2352; 2372; 1
40; 40R; <; 7; 222; 1; 2462; 2462; 1
41; 41H; >; 1; 206; 1; 1366; 1366; 1
41; 41H; >; 2; 207; 1; 1456; 1476; 1
41; 41H; >; 3; 189; 1; 1548; 1568; 1
41; 41H; >; 4; 175; 1; 1640; 1660; 1
41; 41H; >; 5; 176; 1; 1732; 1752; 1
41; 41H; >; 6; 177; 1; 1824; 1844; 1
41; 41H; >; 7; 190; 1; 1934; 1934; 1
41; 41R; <; 1; 190; 1; 1366; 1366; 1
41; 41R; <; 2; 177; 1; 1456; 1476; 1
41; 41R; <; 3; 176; 1; 1548; 1568; 1
41; 41R; <; 4; 175; 1; 1640; 1660; 1
41; 41R; <; 5; 189; 1; 1732; 1752; 1
41; 41R; <; 6; 207; 1; 1824; 1844; 1
41; 41R; <; 7; 206; 1; 1934; 1934; 1
43; 43H; >; 1; 185; 1; 648; 648; 1
43; 43H; >; 2; 167; 1; 720; 740; 1
43; 43H; >; 3; 168; 1; 812; 832; 1
43; 43H; >; 4; 169; 1; 904; 924; 1
43; 43H; >; 5; 154; 1; 1014; 1034; 1
43; 43H; >; 6; 137; 1; 1124; 1144; 1
43; 43H; >; 7; 138; 1; 1234; 1234; 1
43; 43R; <; 1; 138; 1; 2362; 2362; 1
43; 43R; <; 2; 137; 1; 2452; 2472; 1
43; 43R; <; 3; 154; 1; 2562; 2582; 1
43; 43R; <; 4; 169; 1; 2672; 2692; 1
43; 43R; <; 5; 168; 1; 2764; 2784; 1
43; 43R; <; 6; 167; 1; 2856; 2876; 1
43; 43R; <; 7; 185; 1; 2948; 2948; 1
47; 47H; >; 1; 108; 1; 416; 416; 1
47; 47H; >; 2; 109; 1; 488; 508; 1
47; 47H; >; 3; 92; 1; 598; 618; 1
47; 47H; >; 4; 77; 1; 708; 728; 1
47; 47H; >; 5; 60; 1; 818; 838; 1
47; 47H; >; 6; 45; 1; 928; 948; 1
47; 47H; >; 7; 44; 1; 1020; 1020; 1
47; 47R; <; 1; 44; 1; 96; 96; 1
47; 47R; <; 2; 45; 1; 168; 188; 1
47; 47R; <; 3; 60; 1; 278; 298; 1
47; 47R; <; 4; 77; 1; 388; 408; 1
47; 47R; <; 5; 92; 1; 498; 518; 1
47; 47R; <; 6; 109; 1; 608; 628; 1
47; 47R; <; 7; 108; 1; 700; 700; 1
50; 50H; >; 1; 120; 1; 38; 38; 1
50; 50H; >; 2; 101; 1; 128; 148; 1
50; 50H; >; 3; 88; 1; 238; 258; 1
50; 50H; >; 4; 69; 1; 348; 368; 1
50; 50H; >; 5; 56; 1; 458; 478; 1
50; 50H; >; 6; 37; 1; 568; 588; 1
50; 50H; >; 7; 36; 1; 660; 660; 1
50; 50R; <; 1; 36; 1; 3304; 3304; 1
50; 50R; <; 2; 37; 1; 3376; 3396; 1
50; 50R; <; 3; 56; 1; 3486; 3506; 1
50; 50R; <; 4; 69; 1; 3596; 16; 1
50; 50R; <; 5; 88; 1; 106; 126; 1
50; 50R; <; 6; 101; 1; 216; 236; 1
50; 50R; <; 7; 120; 1; 326; 326; 1
51; 51H; >; 1; 100; 1; 304; 304; 1
51; 51H; >; 2; 101; 1; 376; 396; 1
51; 51H; >; 3; 102; 1; 468; 488; 1
51; 51H; >; 4; 103; 1; 560; 580; 1
51; 51H; >; 5; 89; 1; 652; 672; 1
51; 51H; >; 6; 71; 1; 744; 764; 1
51; 51H; >; 7; 57; 1; 836; 836; 1
51; 51R; <; 1; 57; 1; 144; 144; 1
51; 51R; <; 2; 71; 1; 216; 236; 1
51; 51R; <; 3; 89; 1; 308; 328; 1
51; 51R; <; 4; 103; 1; 400; 420; 1
51; 51R; <; 5; 102; 1; 492; 512; 1
51; 51R; <; 6; 101; 1; 584; 604; 1
51; 51R; <; 7; 100; 1; 676; 676; 1
56; 56H; >; 1; 61; 1; 3352; 3352; 1
56; 56H; >; 2; 47; 1; 3424; 3444; 1
56; 56H; >; 3; 46; 1; 3516; 3536; 1
56; 56H; >; 4; 45; 1; 8; 28; 1
56; 56H; >; 5; 44; 1; 100; 120; 1
56; 56H; >; 6; 43; 1; 192; 212; 1
56; 56H; >; 7; 59; 1; 284; 284; 1
56; 56R; <; 1; 59; 1; 3512; 3512; 1
56; 56R; <; 2; 43; 1; 3584; 4; 1
56; 56R; <; 3; 44; 1; 76; 96; 1
56; 56R; <; 4; 45; 1; 168; 188; 1
56; 56R; <; 5; 46; 1; 260; 280; 1
56; 56R; <; 6; 47; 1; 352; 372; 1
56; 56R; <; 7; 61; 1; 444; 444; 1
59; 59H; >; 1; 297; 1; 1612; 1612; 1
59; 59H; >; 2; 298; 1; 1684; 1704; 1
59; 59H; >; 3; 299; 1; 1776; 1796; 1
59; 59H; >; 4; 300; 1; 1868; 1888; 1
59; 59H; >; 5; 301; 1; 1960; 1980; 1
59; 59H; >; 6; 284; 1; 2070; 2070; 1
59; 59R; <; 1; 284; 1; 3214; 3214; 1
59; 59R; <; 2; 301; 1; 3304; 3324; 1
59; 59R; <; 3; 300; 1; 3396; 3416; 1
59; 59R; <; 4; 299; 1; 3488; 3508; 1
59; 59R; <; 5; 298; 1; 3580; 0; 1
59; 59R; <; 6; 297; 1; 72; 72; 1
61; 61H; >; 1; 283; 1; 2968; 2968; 1
61; 61H; >; 2; 267; 1; 3040; 3060; 1
61; 61H; >; 3; 266; 1; 3150; 3170; 1
61; 61H; >; 4; 265; 1; 3260; 3280; 1
61; 61H; >; 5; 264; 1; 3370; 3390; 1
61; 61H; >; 6; 263; 1; 3480; 3480; 1
61; 61R; <; 1; 263; 1; 92; 92; 1
61; 61R; <; 2; 264; 1; 182; 202; 1
61; 61R; <; 3; 265; 1; 292; 312; 1
61; 61R; <; 4; 266; 1; 402; 422; 1
61; 61R; <; 5; 267; 1; 512; 532; 1
61; 61R; <; 6; 283; 1; 604; 604; 1
62; 62H; >; 1; 279; 1; 3000; 3000; 1
62; 62H; >; 2; 259; 1; 3072; 3092; 1
62; 62H; >; 3; 260; 1; 3182; 3202; 1
62; 62H; >; 4; 261; 1; 3292; 3312; 1
62; 62H; >; 5; 262; 1; 3402; 3422; 1
62; 62H; >; 6; 263; 1; 3512; 3512; 1
62; 62R; <; 1; 263; 1; 60; 60; 1
62; 62R; <; 2; 262; 1; 150; 170; 1
62; 62R; <; 3; 261; 1; 260; 280; 1
62; 62R; <; 4; 260; 1; 370; 390; 1
62; 62R; <; 5; 259; 1; 480; 500; 1
62; 62R; <; 6; 279; 1; 572; 572; 1
63; 63H; >; 1; 253; 1; 1200; 1200; 1
63; 63H; >; 2; 239; 1; 1272; 1292; 1
63; 63H; >; 3; 238; 1; 1364; 1384; 1
63; 63H; >; 4; 237; 1; 1456; 1476; 1
63; 63H; >; 5; 236; 1; 1548; 1568; 1
63; 63H; >; 6; 235; 1; 1640; 1640; 1
63; 63R; <; 1; 235; 1; 1660; 1660; 1
63; 63R; <; 2; 236; 1; 1732; 1752; 1
63; 63R; <; 3; 237; 1; 1824; 1844; 1
63; 63R; <; 4; 238; 1; 1916; 1936; 1
63; 63R; <; 5; 239; 1; 2008; 2028; 1
63; 63R; <; 6; 253; 1; 2100; 2100; 1
65; 65H; >; 1; 170; 1; 2600; 2600; 1
65; 65H; >; 2; 169; 1; 2672; 2692; 1
65; 65H; >; 3; 168; 1; 2764; 2784; 1
65; 65H; >; 4; 167; 1; 2856; 2876; 1
65; 65H; >; 5; 153; 1; 2948; 2968; 1
65; 65H; >; 6; 135; 1; 3040; 3040; 1
65; 65R; <; 1; 135; 1; 924; 924; 1
65; 65R; <; 2; 153; 1; 996; 1016; 1
65; 65R; <; 3; 167; 1; 1088; 1108; 1
65; 65R; <; 4; 168; 1; 1180; 1200; 1
65; 65R; <; 5; 169; 1; 1272; 1292; 1
65; 65R; <; 6; 170; 1; 1364; 1364; 1
68; 68H; >; 1; 153; 1; 3216; 3216; 1
68; 68H; >; 2; 135; 1; 3288; 3308; 1
68; 68H; >; 3; 121; 1; 3380; 3400; 1
68; 68H; >; 4; 103; 1; 3472; 3492; 1
68; 68H; >; 5; 104; 1; 3564; 3584; 1
68; 68H; >; 6; 105; 1; 56; 56; 1
68; 68R; <; 1; 105; 1; 396; 396; 1
68; 68R; <; 2; 104; 1; 468; 488; 1
68; 68R; <; 3; 103; 1; 560; 580; 1
68; 68R; <; 4; 121; 1; 652; 672; 1
68; 68R; <; 5; 135; 1; 744; 764; 1
68; 68R; <; 6; 153; 1; 836; 836; 1
70; 70H; >; 1; 319; 1; 2342; 2342; 1
70; 70H; >; 2; 307; 1; 2432; 2452; 1
70; 70H; >; 3; 306; 1; 2524; 2544; 1
70; 70H; >; 4; 305; 1; 2616; 2636; 1
70; 70H; >; 5; 286; 1; 2726; 2726; 1
70; 70R; <; 1; 286; 1; 2558; 2558; 1
70; 70R; <; 2; 305; 1; 2648; 2668; 1
70; 70R; <; 3; 306; 1; 2740; 2760; 1
70; 70R; <; 4; 307; 1; 2832; 2852; 1
70; 70R; <; 5; 319; 1; 2942; 2942; 1
71; 71H; >; 1; 319; 1; 2902; 2902; 1
71; 71H; >; 2; 307; 1; 2992; 3012; 1
71; 71H; >; 3; 287; 1; 3084; 3104; 1
71; 71H; >; 4; 275; 1; 3176; 3196; 1
71; 71H; >; 5; 274; 1; 3286; 3286; 1
71; 71R; <; 1; 274; 1; 1278; 1278; 1
71; 71R; <; 2; 275; 1; 1368; 1388; 1
71; 71R; <; 3; 287; 1; 1460; 1480; 1
71; 71R; <; 4; 307; 1; 1552; 1572; 1
71; 71R; <; 5; 319; 1; 1662; 1662; 1
72; 72H; >; 1; 304; 1; 96; 96; 1
72; 72H; >; 2; 305; 1; 168; 188; 1
72; 72H; >; 3; 286; 1; 278; 298; 1
72; 72H; >; 4; 273; 1; 388; 408; 1
72; 72H; >; 5; 254; 1; 498; 498; 1
72; 72R; <; 1; 254; 1; 1058; 1058; 1
72; 72R; <; 2; 273; 1; 1148; 1168; 1
72; 72R; <; 3; 286; 1; 1258; 1278; 1
72; 72R; <; 4; 305; 1; 1368; 1388; 1
72; 72R; <; 5; 304; 1; 1460; 1460; 1
74; 74H; >; 1; 314; 1; 142; 142; 1
74; 74H; >; 2; 297; 1; 232; 252; 1
74; 74H; >; 3; 296; 1; 324; 344; 1
74; 74H; >; 4; 295; 1; 416; 436; 1
74; 74H; >; 5; 294; 1; 508; 508; 1
74; 74R; <; 1; 294; 1; 1176; 1176; 1
74; 74R; <; 2; 295; 1; 1248; 1268; 1
74; 74R; <; 3; 296; 1; 1340; 1360; 1
74; 74R; <; 4; 297; 1; 1432; 1452; 1
74; 74R; <; 5; 314; 1; 1542; 1542; 1
76; 76H; >; 1; 294; 1; 3256; 3256; 1
76; 76H; >; 2; 295; 1; 3328; 3348; 1
76; 76H; >; 3; 281; 1; 3420; 3440; 1
76; 76H; >; 4; 263; 1; 3512; 3532; 1
76; 76H; >; 5; 262; 1; 22; 22; 1
76; 76R; <; 1; 262; 1; 0; 0; 1
76; 76R; <; 2; 263; 1; 90; 110; 1
76; 76R; <; 3; 281; 1; 182; 202; 1
76; 76R; <; 4; 295; 1; 274; 294; 1
76; 76R; <; 5; 294; 1; 366; 366; 1
77; 77H; >; 1; 294; 1; 688; 688; 1
77; 77H; >; 2; 293; 1; 760; 780; 1
77; 77H; >; 3; 292; 1; 852; 872; 1
77; 77H; >; 4; 291; 1; 944; 964; 1
77; 77H; >; 5; 290; 1; 1054; 1054; 1
77; 77R; <; 1; 290; 1; 630; 630; 1
77; 77R; <; 2; 291; 1; 720; 740; 1
77; 77R; <; 3; 292; 1; 812; 832; 1
77; 77R; <; 4; 293; 1; 904; 924; 1
77; 77R; <; 5; 294; 1; 996; 996; 1
78; 78H; >; 1; 294; 1; 2840; 2840; 1
78; 78H; >; 2; 293; 1; 2912; 2932; 1
78; 78H; >; 3; 280; 1; 3022; 3042; 1
78; 78H; >; 4; 261; 1; 3132; 3152; 1
78; 78H; >; 5; 260; 1; 3242; 3242; 1
78; 78R; <; 1; 260; 1; 330; 330; 1
78; 78R; <; 2; 261; 1; 420; 440; 1
78; 78R; <; 3; 280; 1; 530; 550; 1
78; 78R; <; 4; 293; 1; 640; 660; 1
78; 78R; <; 5; 294; 1; 732; 732; 1
79; 79H; >; 1; 268; 1; 618; 618; 1
79; 79H; >; 2; 269; 1; 708; 728; 1
79; 79H; >; 3; 270; 1; 818; 838; 1
79; 79H; >; 4; 271; 1; 928; 948; 1
79; 79H; >; 5; 253; 1; 1020; 1020; 1
79; 79R; <; 1; 253; 1; 2280; 2280; 1
79; 79R; <; 2; 271; 1; 2352; 2372; 1
79; 79R; <; 3; 270; 1; 2462; 2482; 1
79; 79R; <; 4; 269; 1; 2572; 2592; 1
79; 79R; <; 5; 268; 1; 2682; 2682; 1
81; 81H; >; 1; 283; 1; 1064; 1064; 1
81; 81H; >; 2; 267; 1; 1136; 1156; 1
81; 81H; >; 3; 251; 1; 1228; 1248; 1
81; 81H; >; 4; 235; 1; 1320; 1340; 1
81; 81H; >; 5; 236; 1; 1412; 1412; 1
81; 81R; <; 1; 236; 1; 2624; 2624; 1
81; 81R; <; 2; 235; 1; 2696; 2716; 1
81; 81R; <; 3; 251; 1; 2788; 2808; 1
81; 81R; <; 4; 267; 1; 2880; 2900; 1
81; 81R; <; 5; 283; 1; 2972; 2972; 1
84; 84H; >; 1; 264; 1; 3582; 3582; 1
84; 84H; >; 2; 263; 1; 72; 92; 1
84; 84H; >; 3; 249; 1; 164; 184; 1
84; 84H; >; 4; 231; 1; 256; 276; 1
84; 84H; >; 5; 230; 1; 348; 348; 1
84; 84R; <; 1; 230; 1; 3256; 3256; 1
84; 84R; <; 2; 231; 1; 3328; 3348; 1
84; 84R; <; 3; 249; 1; 3420; 3440; 1
84; 84R; <; 4; 263; 1; 3512; 3532; 1
84; 84R; <; 5; 264; 1; 22; 22; 1
85; 85H; >; 1; 260; 1; 3202; 3202; 1
85; 85H; >; 2; 261; 1; 3292; 3312; 1
85; 85H; >; 3; 248; 1; 3402; 3422; 1
85; 85H; >; 4; 229; 1; 3512; 3532; 1
85; 85H; >; 5; 228; 1; 4; 4; 1
85; 85R; <; 1; 228; 1; 3568; 3568; 1
85; 85R; <; 2; 229; 1; 40; 60; 1
85; 85R; <; 3; 248; 1; 150; 170; 1
85; 85R; <; 4; 261; 1; 260; 280; 1
85; 85R; <; 5; 260; 1; 370; 370; 1
91; 91H; >; 1; 234; 1; 1408; 1408; 1
91; 91H; >; 2; 235; 1; 1480; 1500; 1
91; 91H; >; 3; 219; 1; 1572; 1592; 1
91; 91H; >; 4; 203; 1; 1664; 1684; 1
91; 91H; >; 5; 187; 1; 1756; 1756; 1
91; 91R; <; 1; 187; 1; 2280; 2280; 1
91; 91R; <; 2; 203; 1; 2352; 2372; 1
91; 91R; <; 3; 219; 1; 2444; 2464; 1
91; 91R; <; 4; 235; 1; 2536; 2556; 1
91; 91R; <; 5; 234; 1; 2628; 2628; 1
92; 92H; >; 1; 234; 1; 760; 760; 1
92; 92H; >; 2; 233; 1; 832; 852; 1
92; 92H; >; 3; 218; 1; 942; 962; 1
92; 92H; >; 4; 201; 1; 1052; 1072; 1
92; 92H; >; 5; 202; 1; 1162; 1162; 1
92; 92R; <; 1; 202; 1; 522; 522; 1
92; 92R; <; 2; 201; 1; 612; 632; 1
92; 92R; <; 3; 218; 1; 722; 742; 1
92; 92R; <; 4; 233; 1; 832; 852; 1
92; 92R; <; 5; 234; 1; 924; 924; 1
97; 97H; >; 1; 223; 1; 1352; 1352; 1
97; 97H; >; 2; 211; 1; 1424; 1444; 1
97; 97H; >; 3; 191; 1; 1516; 1536; 1
97; 97H; >; 4; 179; 1; 1608; 1628; 1
97; 97H; >; 5; 180; 1; 1718; 1718; 1
97; 97R; <; 1; 180; 1; 2238; 2238; 1
97; 97R; <; 2; 179; 1; 2328; 2348; 1
97; 97R; <; 3; 191; 1; 2420; 2440; 1
97; 97R; <; 4; 211; 1; 2512; 2532; 1
97; 97R; <; 5; 223; 1; 2604; 2604; 1
100; 100H; >; 1; 204; 1; 1354; 1354; 1
100; 100H; >; 2; 205; 1; 1444; 1464; 1
100; 100H; >; 3; 188; 1; 1554; 1574; 1
100; 100H; >; 4; 173; 1; 1664; 1684; 1
100; 100H; >; 5; 174; 1; 1756; 1756; 1
100; 100R; <; 1; 174; 1; 1888; 1888; 1
100; 100R; <; 2; 173; 1; 1960; 1980; 1
100; 100R; <; 3; 188; 1; 2070; 2090; 1
100; 100R; <; 4; 205; 1; 2180; 2200; 1
100; 100R; <; 5; 204; 1; 2290; 2290; 1
102; 102H; >; 1; 202; 1; 1966; 1966; 1
102; 102H; >; 2; 203; 1; 2056; 2076; 1
102; 102H; >; 3; 187; 1; 2148; 2168; 1
102; 102H; >; 4; 171; 1; 2240; 2260; 1
102; 102H; >; 5; 172; 1; 2332; 2332; 1
102; 102R; <; 1; 172; 1; 2096; 2096; 1
102; 102R; <; 2; 171; 1; 2168; 2188; 1
102; 102R; <; 3; 187; 1; 2260; 2280; 1
102; 102R; <; 4; 203; 1; 2352; 2372; 1
102; 102R; <; 5; 202; 1; 2462; 2462; 1
103; 103H; >; 1; 202; 1; 2802; 2802; 1
103; 103H; >; 2; 201; 1; 2892; 2912; 1
103; 103H; >; 3; 200; 1; 3002; 3022; 1
103; 103H; >; 4; 199; 1; 3112; 3132; 1
103; 103H; >; 5; 185; 1; 3204; 3204; 1
103; 103R; <; 1; 185; 1; 760; 760; 1
103; 103R; <; 2; 199; 1; 832; 852; 1
103; 103R; <; 3; 200; 1; 942; 962; 1
103; 103R; <; 4; 201; 1; 1052; 1072; 1
103; 103R; <; 5; 202; 1; 1162; 1162; 1
105; 105H; >; 1; 196; 1; 962; 962; 1
105; 105H; >; 2; 197; 1; 1052; 1072; 1
105; 105H; >; 3; 184; 1; 1162; 1182; 1
105; 105H; >; 4; 165; 1; 1272; 1292; 1
105; 105H; >; 5; 166; 1; 1364; 1364; 1
105; 105R; <; 1; 166; 1; 0; 0; 1
105; 105R; <; 2; 165; 1; 72; 92; 1
105; 105R; <; 3; 184; 1; 182; 202; 1
105; 105R; <; 4; 197; 1; 292; 312; 1
105; 105R; <; 5; 196; 1; 402; 402; 1
107; 107H; >; 1; 191; 1; 1040; 1040; 1
107; 107H; >; 2; 179; 1; 1112; 1132; 1
107; 107H; >; 3; 178; 1; 1204; 1224; 1
107; 107H; >; 4; 177; 1; 1296; 1316; 1
107; 107H; >; 5; 176; 1; 1388; 1388; 1
107; 107R; <; 1; 176; 1; 1912; 1912; 1
107; 107R; <; 2; 177; 1; 1984; 2004; 1
107; 107R; <; 3; 178; 1; 2076; 2096; 1
107; 107R; <; 4; 179; 1; 2168; 2188; 1
107; 107R; <; 5; 191; 1; 2260; 2260; 1
108; 108H; >; 1; 176; 1; 2808; 2808; 1
108; 108H; >; 2; 177; 1; 2880; 2900; 1
108; 108H; >; 3; 158; 1; 2990; 3010; 1
108; 108H; >; 4; 145; 1; 3100; 3120; 1
108; 108H; >; 5; 146; 1; 3210; 3210; 1
108; 108R; <; 1; 146; 1; 986; 986; 1
108; 108R; <; 2; 145; 1; 1076; 1096; 1
108; 108R; <; 3; 158; 1; 1186; 1206; 1
108; 108R; <; 4; 177; 1; 1296; 1316; 1
108; 108R; <; 5; 176; 1; 1388; 1388; 1
110; 110H; >; 1; 174; 1; 2624; 2624; 1
110; 110H; >; 2; 175; 1; 2696; 2716; 1
110; 110H; >; 3; 157; 1; 2788; 2808; 1
110; 110H; >; 4; 143; 1; 2880; 2900; 1
110; 110H; >; 5; 125; 1; 2972; 2972; 1
110; 110R; <; 1; 125; 1; 1224; 1224; 1
110; 110R; <; 2; 143; 1; 1296; 1316; 1
110; 110R; <; 3; 157; 1; 1388; 1408; 1
110; 110R; <; 4; 175; 1; 1480; 1500; 1
110; 110R; <; 5; 174; 1; 1572; 1572; 1
113; 113H; >; 1; 166; 1; 72; 72; 1
113; 113H; >; 2; 165; 1; 144; 164; 1
113; 113H; >; 3; 152; 1; 254; 274; 1
113; 113H; >; 4; 133; 1; 364; 384; 1
113; 113H; >; 5; 134; 1; 474; 474; 1
113; 113R; <; 1; 134; 1; 666; 666; 1
113; 113R; <; 2; 133; 1; 756; 776; 1
113; 113R; <; 3; 152; 1; 866; 886; 1
113; 113R; <; 4; 165; 1; 976; 996; 1
113; 113R; <; 5; 166; 1; 1068; 1068; 1
114; 114H; >; 1; 164; 1; 120; 120; 1
114; 114H; >; 2; 163; 1; 192; 212; 1
114; 114H; >; 3; 151; 1; 284; 304; 1
114; 114H; >; 4; 131; 1; 376; 396; 1
114; 114H; >; 5; 132; 1; 486; 486; 1
114; 114R; <; 1; 132; 1; 2758; 2758; 1
114; 114R; <; 2; 131; 1; 2848; 2868; 1
114; 114R; <; 3; 151; 1; 2940; 2960; 1
114; 114R; <; 4; 163; 1; 3032; 3052; 1
114; 114R; <; 5; 164; 1; 3124; 3124; 1
115; 115H; >; 1; 146; 1; 2022; 2022; 1
115; 115H; >; 2; 147; 1; 2112; 2132; 1
115; 115H; >; 3; 127; 1; 2204; 2224; 1
115; 115H; >; 4; 115; 1; 2296; 2316; 1
115; 115H; >; 5; 114; 1; 2388; 2388; 1
115; 115R; <; 1; 114; 1; 1408; 1408; 1
115; 115R; <; 2; 115; 1; 1480; 1500; 1
115; 115R; <; 3; 127; 1; 1572; 1592; 1
115; 115R; <; 4; 147; 1; 1664; 1684; 1
115; 115R; <; 5; 146; 1; 1774; 1774; 1
117; 117H; >; 1; 142; 1; 1426; 1426; 1
117; 117H; >; 2; 141; 1; 1516; 1536; 1
117; 117H; >; 3; 124; 1; 1626; 1646; 1
117; 117H; >; 4; 109; 1; 1736; 1756; 1
117; 117H; >; 5; 110; 1; 1828; 1828; 1
117; 117R; <; 1; 110; 1; 992; 992; 1
117; 117R; <; 2; 109; 1; 1064; 1084; 1
117; 117R; <; 3; 124; 1; 1174; 1194; 1
117; 117R; <; 4; 141; 1; 1284; 1304; 1
117; 117R; <; 5; 142; 1; 1394; 1394; 1
118; 118H; >; 1; 155; 1; 2528; 2528; 1
118; 118H; >; 2; 139; 1; 2600; 2620; 1
118; 118H; >; 3; 138; 1; 2710; 2730; 1
118; 118H; >; 4; 137; 1; 2820; 2840; 1
118; 118H; >; 5; 154; 1; 2930; 2930; 1
118; 118R; <; 1; 154; 1; 1034; 1034; 1
118; 118R; <; 2; 137; 1; 1124; 1144; 1
118; 118R; <; 3; 138; 1; 1234; 1254; 1
118; 118R; <; 4; 139; 1; 1344; 1364; 1
118; 118R; <; 5; 155; 1; 1436; 1436; 1
119; 119H; >; 1; 140; 1; 2742; 2742; 1
119; 119H; >; 2; 139; 1; 2832; 2852; 1
119; 119H; >; 3; 123; 1; 2924; 2944; 1
119; 119H; >; 4; 107; 1; 3016; 3036; 1
119; 119H; >; 5; 108; 1; 3108; 3108; 1
119; 119R; <; 1; 108; 1; 1248; 1248; 1
119; 119R; <; 2; 107; 1; 1320; 1340; 1
119; 119R; <; 3; 123; 1; 1412; 1432; 1
119; 119R; <; 4; 139; 1; 1504; 1524; 1
119; 119R; <; 5; 140; 1; 1614; 1614; 1
120; 120H; >; 1; 154; 1; 1194; 1194; 1
120; 120H; >; 2; 137; 1; 1284; 1304; 1
120; 120H; >; 3; 122; 1; 1394; 1414; 1
120; 120H; >; 4; 105; 1; 1504; 1524; 1
120; 120H; >; 5; 106; 1; 1596; 1596; 1
120; 120R; <; 1; 106; 1; 144; 144; 1
120; 120R; <; 2; 105; 1; 216; 236; 1
120; 120R; <; 3; 122; 1; 326; 346; 1
120; 120R; <; 4; 137; 1; 436; 456; 1
120; 120R; <; 5; 154; 1; 546; 546; 1
122; 122H; >; 1; 153; 1; 3128; 3128; 1
122; 122H; >; 2; 135; 1; 3200; 3220; 1
122; 122H; >; 3; 134; 1; 3310; 3330; 1
122; 122H; >; 4; 133; 1; 3420; 3440; 1
122; 122H; >; 5; 132; 1; 3530; 3530; 1
122; 122R; <; 1; 132; 1; 274; 274; 1
122; 122R; <; 2; 133; 1; 364; 384; 1
122; 122R; <; 3; 134; 1; 474; 494; 1
122; 122R; <; 4; 135; 1; 584; 604; 1
122; 122R; <; 5; 153; 1; 676; 676; 1
123; 123H; >; 1; 134; 1; 434; 434; 1
123; 123H; >; 2; 133; 1; 524; 544; 1
123; 123H; >; 3; 120; 1; 634; 654; 1
123; 123H; >; 4; 101; 1; 744; 764; 1
123; 123H; >; 5; 100; 1; 836; 836; 1
123; 123R; <; 1; 100; 1; 304; 304; 1
123; 123R; <; 2; 101; 1; 376; 396; 1
123; 123R; <; 3; 120; 1; 486; 506; 1
123; 123R; <; 4; 133; 1; 596; 616; 1
123; 123R; <; 5; 134; 1; 706; 706; 1
125; 125H; >; 1; 123; 1; 1592; 1592; 1
125; 125H; >; 2; 139; 1; 1664; 1684; 1
125; 125H; >; 3; 155; 1; 1756; 1776; 1
125; 125H; >; 4; 171; 1; 1848; 1868; 1
125; 125H; >; 5; 187; 1; 1940; 1940; 1
125; 125R; <; 1; 187; 1; 2416; 2416; 1
125; 125R; <; 2; 171; 1; 2488; 2508; 1
125; 125R; <; 3; 155; 1; 2580; 2600; 1
125; 125R; <; 4; 139; 1; 2672; 2692; 1
125; 125R; <; 5; 123; 1; 2764; 2764; 1
126; 126H; >; 1; 125; 1; 3152; 3152; 1
126; 126H; >; 2; 111; 1; 3224; 3244; 1
126; 126H; >; 3; 93; 1; 3316; 3336; 1
126; 126H; >; 4; 79; 1; 3408; 3428; 1
126; 126H; >; 5; 80; 1; 3518; 3518; 1
126; 126R; <; 1; 80; 1; 678; 678; 1
126; 126R; <; 2; 79; 1; 768; 788; 1
126; 126R; <; 3; 93; 1; 860; 880; 1
126; 126R; <; 4; 111; 1; 952; 972; 1
126; 126R; <; 5; 125; 1; 1044; 1044; 1
129; 129H; >; 1; 106; 1; 2784; 2784; 1
129; 129H; >; 2; 107; 1; 2856; 2876; 1
129; 129H; >; 3; 91; 1; 2948; 2968; 1
129; 129H; >; 4; 75; 1; 3040; 3060; 1
129; 129H; >; 5; 59; 1; 3132; 3132; 1
129; 129R; <; 1; 59; 1; 904; 904; 1
129; 129R; <; 2; 75; 1; 976; 996; 1
129; 129R; <; 3; 91; 1; 1068; 1088; 1
129; 129R; <; 4; 107; 1; 1160; 1180; 1
129; 129R; <; 5; 106; 1; 1252; 1252; 1
130; 130H; >; 1; 106; 1; 144; 144; 1
130; 130H; >; 2; 105; 1; 216; 236; 1
130; 130H; >; 3; 90; 1; 326; 346; 1
130; 130H; >; 4; 73; 1; 436; 456; 1
130; 130H; >; 5; 72; 1; 546; 546; 1
130; 130R; <; 1; 72; 1; 3346; 3346; 1
130; 130R; <; 2; 73; 1; 3436; 3456; 1
130; 130R; <; 3; 90; 1; 3546; 3566; 1
130; 130R; <; 4; 105; 1; 56; 76; 1
130; 130R; <; 5; 106; 1; 148; 148; 1
132; 132H; >; 1; 119; 1; 1768; 1768; 1
132; 132H; >; 2; 99; 1; 1840; 1860; 1
132; 132H; >; 3; 87; 1; 1932; 1952; 1
132; 132H; >; 4; 67; 1; 2024; 2044; 1
132; 132H; >; 5; 66; 1; 2134; 2134; 1
132; 132R; <; 1; 66; 1; 3518; 3518; 1
132; 132R; <; 2; 67; 1; 8; 28; 1
132; 132R; <; 3; 87; 1; 100; 120; 1
132; 132R; <; 4; 99; 1; 192; 212; 1
132; 132R; <; 5; 119; 1; 284; 284; 1
133; 133H; >; 1; 100; 1; 240; 240; 1
133; 133H; >; 2; 99; 1; 312; 332; 1
133; 133H; >; 3; 87; 1; 404; 424; 1
133; 133H; >; 4; 67; 1; 496; 516; 1
133; 133H; >; 5; 55; 1; 588; 588; 1
133; 133R; <; 1; 55; 1; 3376; 3376; 1
133; 133R; <; 2; 67; 1; 3448; 3468; 1
133; 133R; <; 3; 87; 1; 3540; 3560; 1
133; 133R; <; 4; 99; 1; 32; 52; 1
133; 133R; <; 5; 100; 1; 124; 124; 1
134; 134H; >; 1; 95; 1; 3274; 3274; 1
134; 134H; >; 2; 115; 1; 3346; 3366; 1
134; 134H; >; 3; 114; 1; 3438; 3458; 1
134; 134H; >; 4; 113; 1; 3530; 3550; 1
134; 134H; >; 5; 94; 1; 40; 40; 1
134; 134R; <; 1; 94; 1; 398; 398; 1
134; 134R; <; 2; 113; 1; 488; 508; 1
134; 134R; <; 3; 114; 1; 580; 600; 1
134; 134R; <; 4; 115; 1; 672; 692; 1
134; 134R; <; 5; 95; 1; 764; 764; 1
136; 136H; >; 1; 72; 1; 1058; 1058; 1
136; 136H; >; 2; 73; 1; 1148; 1168; 1
136; 136H; >; 3; 58; 1; 1258; 1278; 1
136; 136H; >; 4; 41; 1; 1368; 1388; 1
136; 136H; >; 5; 42; 1; 1460; 1460; 1
136; 136R; <; 1; 42; 1; 2984; 2984; 1
136; 136R; <; 2; 41; 1; 3056; 3076; 1
136; 136R; <; 3; 58; 1; 3166; 3186; 1
136; 136R; <; 4; 73; 1; 3276; 3296; 1
136; 136R; <; 5; 72; 1; 3386; 3386; 1
137; 137H; >; 1; 70; 1; 1658; 1658; 1
137; 137H; >; 2; 69; 1; 1748; 1768; 1
137; 137H; >; 3; 68; 1; 1858; 1878; 1
137; 137H; >; 4; 67; 1; 1968; 1988; 1
137; 137H; >; 5; 66; 1; 2078; 2078; 1
137; 137R; <; 1; 66; 1; 3126; 3126; 1
137; 137R; <; 2; 67; 1; 3216; 3236; 1
137; 137R; <; 3; 68; 1; 3326; 3346; 1
137; 137R; <; 4; 69; 1; 3436; 3456; 1
137; 137R; <; 5; 70; 1; 3546; 3546; 1
138; 138H; >; 1; 61; 1; 3536; 3536; 1
138; 138H; >; 2; 79; 1; 8; 28; 1
138; 138H; >; 3; 78; 1; 118; 138; 1
138; 138H; >; 4; 77; 1; 228; 248; 1
138; 138H; >; 5; 60; 1; 338; 338; 1
138; 138R; <; 1; 60; 1; 3258; 3258; 1
138; 138R; <; 2; 77; 1; 3348; 3368; 1
138; 138R; <; 3; 78; 1; 3458; 3478; 1
138; 138R; <; 4; 79; 1; 3568; 3588; 1
138; 138R; <; 5; 61; 1; 60; 60; 1
140; 140H; >; 1; 57; 1; 1016; 1016; 1
140; 140H; >; 2; 39; 1; 1088; 1108; 1
140; 140H; >; 3; 38; 1; 1180; 1200; 1
140; 140H; >; 4; 37; 1; 1272; 1292; 1
140; 140H; >; 5; 24; 1; 1382; 1382; 1
140; 140R; <; 1; 24; 1; 3198; 3198; 1
140; 140R; <; 2; 37; 1; 3288; 3308; 1
140; 140R; <; 3; 38; 1; 3380; 3400; 1
140; 140R; <; 4; 39; 1; 3472; 3492; 1
140; 140R; <; 5; 57; 1; 3564; 3564; 1
141; 141H; >; 1; 24; 1; 1894; 1894; 1
141; 141H; >; 2; 37; 1; 1984; 2004; 1
141; 141H; >; 3; 36; 1; 2076; 2096; 1
141; 141H; >; 4; 35; 1; 2168; 2188; 1
141; 141H; >; 5; 23; 1; 2278; 2278; 1
141; 141R; <; 1; 23; 1; 2438; 2438; 1
141; 141R; <; 2; 35; 1; 2528; 2548; 1
141; 141R; <; 3; 36; 1; 2620; 2640; 1
141; 141R; <; 4; 37; 1; 2712; 2732; 1
141; 141R; <; 5; 24; 1; 2822; 2822; 1
144; 144H; >; 1; 173; 1; 924; 924; 1
144; 144H; >; 2; 156; 1; 1014; 1034; 1
144; 144H; >; 3; 141; 1; 1124; 1144; 1
144; 144H; >; 4; 140; 1; 1234; 1234; 1
144; 144R; <; 1; 140; 1; 1354; 1354; 1
144; 144R; <; 2; 141; 1; 1444; 1464; 1
144; 144R; <; 3; 156; 1; 1554; 1574; 1
144; 144R; <; 4; 173; 1; 1664; 1664; 1
146; 146H; >; 1; 308; 1; 3566; 3566; 1
146; 146H; >; 2; 307; 1; 56; 76; 1
146; 146H; >; 3; 306; 1; 148; 148; 1
146; 146R; <; 1; 306; 1; 3152; 3152; 1
146; 146R; <; 2; 307; 1; 3224; 3244; 1
146; 146R; <; 3; 308; 1; 3334; 3334; 1
151; 151H; >; 1; 244; 1; 654; 654; 1
151; 151H; >; 2; 243; 1; 744; 764; 1
151; 151H; >; 3; 223; 1; 836; 836; 1
151; 151R; <; 1; 223; 1; 2464; 2464; 1
151; 151R; <; 2; 243; 1; 2536; 2556; 1
151; 151R; <; 3; 244; 1; 2646; 2646; 1
154; 154H; >; 1; 248; 1; 0; 0; 1
154; 154H; >; 2; 229; 1; 90; 110; 1
154; 154H; >; 3; 216; 1; 200; 200; 1
154; 154R; <; 1; 216; 1; 0; 0; 1
154; 154R; <; 2; 229; 1; 90; 110; 1
154; 154R; <; 3; 248; 1; 200; 200; 1
159; 159H; >; 1; 216; 1; 202; 202; 1
159; 159H; >; 2; 197; 1; 292; 312; 1
159; 159H; >; 3; 196; 1; 402; 402; 1
159; 159R; <; 1; 196; 1; 962; 962; 1
159; 159R; <; 2; 197; 1; 1052; 1072; 1
159; 159R; <; 3; 216; 1; 1162; 1162; 1
161; 161H; >; 1; 189; 1; 1728; 1728; 1
161; 161H; >; 2; 175; 1; 1800; 1820; 1
161; 161H; >; 3; 174; 1; 1892; 1892; 1
161; 161R; <; 1; 174; 1; 2624; 2624; 1
161; 161R; <; 2; 175; 1; 2696; 2716; 1
161; 161R; <; 3; 189; 1; 2788; 2788; 1
167; 167H; >; 1; 132; 1; 446; 446; 1
167; 167H; >; 2; 131; 1; 536; 556; 1
167; 167H; >; 3; 119; 1; 628; 628; 1
167; 167R; <; 1; 119; 1; 2616; 2616; 1
167; 167R; <; 2; 131; 1; 2688; 2708; 1
167; 167R; <; 3; 132; 1; 2798; 2798; 1
169; 169H; >; 1; 112; 1; 256; 256; 1
169; 169H; >; 2; 113; 1; 328; 348; 1
169; 169H; >; 3; 94; 1; 438; 438; 1
169; 169R; <; 1; 94; 1; 0; 0; 1
169; 169R; <; 2; 113; 1; 90; 110; 1
169; 169R; <; 3; 112; 1; 182; 182; 1
171; 171H; >; 1; 112; 1; 1040; 1040; 1
171; 171H; >; 2; 111; 1; 1112; 1132; 1
171; 171H; >; 3; 93; 1; 1204; 1204; 1
171; 171R; <; 1; 93; 1; 3512; 3512; 1
171; 171R; <; 2; 111; 1; 3584; 4; 1
171; 171R; <; 3; 112; 1; 76; 76; 1
172; 172H; >; 1; 123; 1; 2944; 2944; 1
172; 172H; >; 2; 107; 1; 3016; 3036; 1
172; 172H; >; 3; 91; 1; 3108; 3108; 1
172; 172R; <; 1; 91; 1; 1248; 1248; 1
172; 172R; <; 2; 107; 1; 1320; 1340; 1
172; 172R; <; 3; 123; 1; 1412; 1412; 1
176; 176H; >; 1; 72; 1; 1278; 1278; 1
176; 176H; >; 2; 71; 1; 1368; 1388; 1
176; 176H; >; 3; 70; 1; 1478; 1478; 1
176; 176R; <; 1; 70; 1; 3238; 3238; 1
176; 176R; <; 2; 71; 1; 3328; 3348; 1
176; 176R; <; 3; 72; 1; 3438; 3438; 1
178; 178H; >; 1; 63; 1; 752; 752; 1
178; 178H; >; 2; 51; 1; 824; 844; 1
178; 178H; >; 3; 52; 1; 934; 934; 1
178; 178R; <; 1; 52; 1; 3262; 3262; 1
178; 178R; <; 2; 51; 1; 3352; 3372; 1
178; 178R; <; 3; 63; 1; 3444; 3444; 1
